,0
0,96521
1,54584
2,105767
3,65386
4,54076
5,86196
6,85810
7,44442
8,96792
9,75288
10,65365
11,117672
12,97076
13,96661
14,86038
15,75753
16,75103
17,65324
18,117773
19,95791
20,65326
21,76145
22,44136
23,54465
24,44174
25,64974
26,85606
27,85899
28,74919
29,96832
30,54160
31,76126
32,44263
33,44008
34,85244
35,54536
36,54372
37,85504
38,76106
39,117669
40,54350
41,75082
42,75214
43,96815
44,96886
45,44270
46,75001
47,75961
48,95969
49,65364
50,96745
51,97029
52,117539
53,76123
54,97133
55,85674
56,75493
57,85736
58,85988
59,117620
60,65006
61,96072
62,96599
63,44351
64,44047
65,96217
66,85586
67,86220
68,64910
69,96078
70,86159
71,96852
72,54562
73,54124
74,64871
75,44344
76,54333
77,85373
78,54412
79,44427
80,76115
81,96094
82,95987
83,75848
84,86125
85,85440
86,85761
87,97214
88,75745
89,44485
90,54310
91,117655
92,96967
93,85468
94,54290
95,97163
96,117649
97,44062
98,75021
99,96877
100,85531
101,85919
102,96143
103,65276
104,111741
105,75010
106,75522
107,86016
108,74981
109,95842
110,96567
111,75236
112,85427
113,111852
114,105834
115,117739
116,85533
117,44336
118,105817
119,54193
120,54631
121,54638
122,97150
123,96246
124,44404
125,75906
126,75688
127,54369
128,54143
129,44108
130,85527
131,117765
132,75990
133,75834
134,105947
135,65088
136,65136
137,111618
138,75923
139,65421
140,97035
141,105791
142,97144
143,86229
144,96660
145,96981
146,96328
147,106019
148,85400
149,111979
150,64828
151,111843
152,54520
153,53960
154,75356
155,65062
156,111790
157,117876
158,96902
159,54061
160,44127
161,96864
162,96889
163,76173
164,105990
165,74925
166,54063
167,85173
168,75300
169,117819
170,85695
171,97169
172,96463
173,86078
174,86237
175,75061
176,54101
177,75878
178,75723
179,75030
180,85259
181,96489
182,86149
183,54235
184,54184
185,86087
186,96882
187,75599
188,44412
189,112013
190,111740
191,97126
192,43891
193,85880
194,106007
195,111811
196,75591
197,76164
198,97129
199,85942
200,96448
201,64761
202,96007
203,75601
204,111762
205,43853
206,65383
207,85054
208,65445
209,105764
210,96285
211,44168
212,97043
213,95894
214,75571
215,64936
216,96066
217,97064
218,65165
219,85439
220,75801
221,76028
222,96334
223,75221
224,96956
225,117872
226,75484
227,117719
228,64946
229,111902
230,97145
231,96977
232,75271
233,76084
234,96810
235,76046
236,111649
237,75925
238,75643
239,85091
240,75463
241,96435
242,117781
243,54231
244,75960
245,96384
246,111746
247,112057
248,75099
249,75567
250,96643
251,44482
252,105868
253,54356
254,85557
255,85181
256,96556
257,85068
258,96970
259,96914
260,85645
261,54336
262,96910
263,85538
264,96376
265,75109
266,85943
267,117756
268,44172
269,65235
270,96577
271,95903
272,44123
273,85706
274,76176
275,53956
276,96488
277,105772
278,54005
279,74892
280,65417
281,65197
282,117691
283,65188
284,74965
285,105985
286,64949
287,44295
288,96212
289,65318
290,75613
291,85454
292,111795
293,96324
294,75781
295,75408
296,54056
297,85238
298,65150
299,75232
300,44087
301,85460
302,54339
303,75116
304,85900
305,75419
306,105919
307,96320
308,44311
309,96176
310,85476
311,85163
312,86039
313,75286
314,85200
315,117533
316,85362
317,86195
318,96771
319,85866
320,75410
321,117618
322,44358
323,75072
324,105794
325,117690
326,96229
327,96548
328,117602
329,111613
330,44331
331,44379
332,86242
333,64981
334,44181
335,85714
336,75635
337,85662
338,111899
339,65253
340,85149
341,95736
342,54444
343,96509
344,95806
345,85515
346,65238
347,95964
348,75443
349,43834
350,54525
351,86043
352,75763
353,86042
354,117831
355,85823
356,75011
357,44215
358,54416
359,54034
360,54373
361,75165
362,75291
363,106053
364,85151
365,97140
366,111757
367,65156
368,85922
369,96791
370,95905
371,95735
372,85044
373,96134
374,54488
375,96278
376,54670
377,75814
378,96980
379,111880
380,96368
381,95770
382,75651
383,95802
384,54617
385,105943
386,95788
387,65072
388,75358
389,117670
390,85901
391,75853
392,95906
393,111974
394,95902
395,75517
396,95874
397,111958
398,64773
399,75457
400,76080
401,43826
402,86064
403,65089
404,96342
405,111830
406,96748
407,44000
408,111629
409,76132
410,85563
411,96562
412,117599
413,96344
414,117868
415,96797
416,65412
417,96112
418,117838
419,96711
420,64837
421,65265
422,54609
423,111727
424,105904
425,75495
426,75310
427,85046
428,96211
429,54625
430,96279
431,75090
432,86094
433,64836
434,54007
435,44315
436,76072
437,85415
438,64769
439,85726
440,97178
441,112039
442,97118
443,44011
444,65157
445,54276
446,43819
447,96207
448,65305
449,54146
450,75707
451,97063
452,85754
453,54396
454,117645
455,43852
456,111630
457,111754
458,75489
459,96626
460,117748
461,117588
462,85326
463,96321
464,96878
465,54158
466,76166
467,64995
468,75716
469,44222
470,75782
471,85314
472,65118
473,85240
474,74985
475,65434
476,111685
477,111813
478,85593
479,64831
480,76170
481,96378
482,117594
483,74960
484,96585
485,96841
486,65233
487,75713
488,65302
489,96658
490,75194
491,75405
492,117525
493,53988
494,117534
495,96251
496,117813
497,111716
498,75059
499,85620
500,54040
501,75760
502,64992
503,111916
504,85267
505,86123
506,65258
507,105805
508,76057
509,96349
510,97009
511,96735
512,96126
513,96156
514,117692
515,105996
516,112005
517,85071
518,111781
519,97112
520,86086
521,65093
522,75988
523,54437
524,105936
525,54623
526,96283
527,85358
528,65082
529,105971
530,54640
531,44324
532,76183
533,65166
534,53937
535,53984
536,76156
537,95775
538,105952
539,112040
540,96570
541,75841
542,64767
543,54041
544,105977
545,97093
546,96795
547,54384
548,117632
549,97132
550,95839
551,97194
552,112006
553,54086
554,106028
555,96947
556,85699
557,105785
558,105880
559,74940
560,96785
561,97139
562,76167
563,117642
564,74952
565,96917
566,75772
567,54514
568,111859
569,97187
570,96045
571,117538
572,85727
573,85721
574,95989
575,85680
576,86045
577,85154
578,105875
579,96312
580,54081
581,117585
582,117869
583,85327
584,85848
585,75028
586,95753
587,75759
588,44229
589,95931
590,106060
591,105809
592,86106
593,54621
594,111612
595,96716
596,111691
597,75081
598,43928
599,43935
600,105757
601,117518
602,75675
603,74905
604,96998
605,95946
606,54226
607,117531
608,96723
609,86157
610,97092
611,64958
612,85792
613,85268
614,65428
615,95812
616,96984
617,97016
618,111743
619,95726
620,53911
621,96377
622,117572
623,96381
624,44114
625,95779
626,96675
627,85388
628,112009
629,44407
630,65343
631,75387
632,44064
633,85246
634,65009
635,117728
636,105846
637,76121
638,65441
639,96929
640,97061
641,97142
642,117887
643,75689
644,74927
645,75349
646,54037
647,75968
648,75191
649,95913
650,117650
651,96575
652,75653
653,96056
654,54340
655,85192
656,43999
657,85502
658,65301
659,54430
660,95762
661,75800
662,75478
663,86180
664,44431
665,111662
666,75424
667,44076
668,86070
669,96824
670,96963
671,95976
672,75027
673,75458
674,96986
675,106073
676,96498
677,112055
678,96100
679,85437
680,111963
681,97161
682,76092
683,75699
684,85477
685,96452
686,43956
687,85095
688,85401
689,85387
690,95815
691,85934
692,75415
693,65370
694,65191
695,75314
696,95935
697,96120
698,117573
699,86036
700,75487
701,53886
702,54062
703,75152
704,96704
705,44255
706,44363
707,75976
708,75329
709,54365
710,117553
711,75044
712,75966
713,117802
714,117702
715,54639
716,95888
717,54354
718,85448
719,85932
720,85781
721,44111
722,44360
723,65368
724,54284
725,95884
726,65285
727,117774
728,65212
729,44059
730,96884
731,112025
732,54199
733,117820
734,43943
735,96823
736,96172
737,85123
738,76043
739,75067
740,96106
741,85180
742,85369
743,85153
744,86151
745,75052
746,75328
747,65411
748,44303
749,96862
750,65134
751,97109
752,54414
753,96749
754,54542
755,106044
756,75863
757,76104
758,111833
759,64834
760,65355
761,96859
762,44144
763,85916
764,85881
765,96593
766,111625
767,117604
768,65216
769,117793
770,85973
771,85788
772,97197
773,44117
774,111818
775,97048
776,75382
777,117517
778,96205
779,75883
780,85877
781,85176
782,54564
783,44425
784,85384
785,85252
786,64883
787,43835
788,75705
789,95952
790,76107
791,85524
792,85554
793,54291
794,54521
795,86154
796,85915
797,65170
798,43953
799,85467
800,75184
801,65369
802,85855
803,105910
804,53934
805,54148
806,54517
807,85601
808,96271
809,54104
810,85087
811,75000
812,97128
813,75596
814,96125
815,54221
816,75641
817,117753
818,74976
819,117837
820,75367
821,85568
822,44054
823,111970
824,75876
825,75119
826,53932
827,85219
828,54353
829,53961
830,54090
831,75568
832,85039
833,44257
834,85055
835,96655
836,54663
837,85558
838,85196
839,85083
840,85210
841,96753
842,53919
843,75708
844,95985
845,105848
846,96390
847,65231
848,86137
849,43893
850,75173
851,96656
852,96718
853,53890
854,65029
855,75731
856,85873
857,64856
858,44040
859,85186
860,76003
861,95826
862,85403
863,96804
864,75789
865,111887
866,75830
867,44152
868,96848
869,65358
870,75908
871,85893
872,54186
873,54161
874,44369
875,64997
876,96079
877,65080
878,54322
879,44444
880,95956
881,111607
882,85182
883,85908
884,75558
885,96237
886,85290
887,111708
888,64937
889,65444
890,96240
891,54389
892,75911
893,85288
894,75809
895,111621
896,54196
897,105907
898,117843
899,85413
900,75104
901,75903
902,43871
903,96145
904,75186
905,65152
906,85832
907,117699
908,54664
909,96501
910,75107
911,54071
912,75715
913,117828
914,97192
915,75575
916,54057
917,76143
918,96044
919,54240
920,106012
921,65409
922,75618
923,54047
924,85637
925,44051
926,85236
927,43900
928,111964
929,111798
930,43902
931,44128
932,75652
933,65028
934,85955
935,117696
936,97001
937,44394
938,112058
939,85772
940,54506
941,44046
942,65182
943,96326
944,65250
945,96206
946,117874
947,96040
948,54153
949,64855
950,96912
951,65249
952,44157
953,65205
954,65045
955,95796
956,54415
957,96777
958,85610
959,53990
960,96604
961,75941
962,53889
963,95823
964,54649
965,64754
966,85274
967,74903
968,64988
969,75153
970,96288
971,96023
972,117703
973,85232
974,75324
975,76082
976,117840
977,75576
978,85994
979,54242
980,111650
981,105997
982,54431
983,112027
984,95910
985,96645
986,96725
987,74994
988,85157
989,85702
990,65132
991,74993
992,76119
993,95863
994,44053
995,111954
996,43952
997,85053
998,111705
999,75982
1000,54533
1001,64807
1002,105872
1003,86059
1004,85744
1005,96157
1006,43877
1007,85692
1008,97213
1009,64809
1010,75215
1011,54130
1012,75299
1013,75744
1014,85285
1015,75277
1016,96516
1017,117878
1018,117514
1019,44465
1020,85121
1021,96442
1022,65083
1023,85537
1024,65270
1025,53971
1026,44089
1027,44112
1028,85243
1029,75101
1030,54568
1031,75572
1032,111806
1033,54477
1034,111837
1035,54510
1036,86215
1037,85382
1038,65438
1039,53864
1040,85700
1041,96497
1042,75817
1043,75712
1044,96191
1045,43823
1046,64847
1047,96510
1048,117662
1049,96961
1050,75820
1051,85130
1052,86031
1053,54180
1054,75973
1055,85859
1056,75963
1057,54549
1058,75080
1059,96346
1060,75404
1061,96820
1062,54044
1063,75844
1064,97039
1065,85144
1066,65423
1067,65171
1068,65011
1069,44321
1070,54164
1071,65294
1072,105836
1073,112068
1074,96128
1075,75794
1076,96922
1077,65407
1078,85947
1079,96021
1080,75674
1081,44375
1082,96417
1083,85945
1084,111765
1085,86187
1086,96076
1087,44231
1088,117622
1089,75561
1090,54073
1091,112015
1092,44380
1093,75985
1094,43860
1095,54052
1096,117839
1097,75714
1098,54537
1099,96215
1100,74896
1101,105781
1102,65267
1103,111935
1104,85767
1105,75663
1106,96289
1107,105961
1108,76086
1109,95761
1110,44191
1111,75785
1112,65392
1113,65087
1114,75306
1115,85611
1116,96038
1117,117596
1118,96612
1119,96049
1120,75313
1121,95860
1122,105970
1123,117855
1124,85330
1125,96305
1126,105869
1127,97088
1128,97040
1129,85861
1130,75904
1131,111869
1132,96181
1133,54446
1134,95890
1135,54561
1136,85651
1137,76059
1138,97164
1139,65126
1140,54195
1141,96281
1142,54201
1143,75665
1144,54460
1145,44385
1146,43950
1147,44387
1148,54627
1149,64781
1150,64746
1151,85109
1152,111653
1153,76079
1154,85996
1155,75359
1156,86116
1157,86146
1158,44323
1159,85092
1160,105933
1161,44251
1162,64964
1163,75006
1164,54155
1165,111838
1166,96666
1167,75321
1168,75459
1169,96330
1170,65172
1171,95767
1172,96268
1173,96609
1174,85471
1175,112064
1176,75357
1177,85918
1178,96579
1179,85062
1180,64983
1181,65113
1182,65226
1183,85694
1184,65034
1185,95953
1186,117629
1187,85457
1188,96088
1189,64886
1190,96267
1191,44374
1192,64938
1193,86121
1194,76165
1195,74938
1196,44275
1197,96992
1198,75110
1199,95980
1200,111919
1201,54228
1202,44422
1203,111759
1204,44074
1205,53926
1206,75003
1207,96188
1208,95925
1209,85261
1210,85406
1211,65213
1212,76127
1213,75686
1214,75287
1215,117576
1216,65367
1217,105986
1218,85791
1219,106033
1220,105884
1221,111950
1222,75175
1223,54021
1224,95728
1225,117716
1226,95949
1227,75972
1228,96697
1229,96779
1230,95716
1231,75497
1232,111994
1233,54650
1234,75182
1235,86071
1236,85871
1237,117612
1238,54587
1239,75057
1240,117591
1241,117544
1242,96860
1243,96436
1244,117532
1245,117729
1246,85683
1247,85587
1248,75942
1249,96282
1250,44067
1251,86135
1252,75822
1253,65442
1254,64745
1255,44268
1256,44265
1257,65418
1258,76134
1259,96071
1260,96432
1261,44408
1262,85716
1263,96130
1264,111849
1265,53883
1266,54387
1267,85449
1268,106038
1269,65328
1270,54244
1271,86095
1272,65283
1273,53909
1274,44327
1275,111804
1276,97002
1277,54655
1278,85202
1279,106047
1280,86248
1281,117509
1282,85174
1283,64923
1284,105859
1285,54325
1286,54527
1287,43981
1288,117482
1289,44072
1290,96542
1291,117752
1292,96026
1293,75839
1294,44029
1295,117682
1296,85545
1297,75523
1298,53870
1299,75308
1300,117851
1301,85647
1302,105916
1303,54440
1304,95717
1305,64751
1306,97111
1307,44353
1308,105956
1309,74901
1310,74954
1311,65027
1312,96060
1313,117631
1314,85602
1315,95886
1316,75588
1317,53885
1318,54405
1319,96031
1320,85398
1321,75370
1322,85658
1323,111823
1324,75569
1325,75163
1326,96731
1327,65012
1328,117526
1329,96314
1330,111605
1331,43841
1332,85608
1333,111907
1334,96244
1335,106076
1336,111865
1337,86006
1338,44146
1339,54267
1340,43925
1341,85450
1342,64785
1343,85938
1344,44398
1345,105984
1346,96261
1347,96235
1348,85844
1349,44034
1350,54603
1351,75676
1352,97073
1353,96532
1354,85490
1355,117633
1356,75668
1357,111761
1358,111676
1359,85133
1360,85805
1361,75411
1362,95867
1363,85089
1364,85281
1365,85731
1366,105769
1367,111697
1368,75274
1369,85254
1370,117476
1371,96185
1372,106049
1373,44026
1374,117879
1375,64874
1376,86178
1377,44189
1378,44405
1379,75195
1380,75340
1381,117882
1382,54313
1383,53872
1384,96525
1385,86119
1386,85687
1387,111638
1388,65081
1389,54009
1390,96302
1391,54599
1392,85517
1393,85720
1394,44013
1395,85639
1396,96527
1397,86046
1398,65193
1399,95764
1400,96601
1401,44166
1402,64966
1403,96895
1404,75118
1405,111864
1406,64859
1407,95795
1408,111776
1409,75112
1410,95828
1411,117814
1412,85831
1413,97168
1414,111647
1415,54494
1416,85152
1417,96971
1418,85708
1419,96846
1420,96416
1421,97075
1422,97212
1423,75746
1424,75583
1425,75225
1426,54464
1427,95794
1428,44090
1429,64930
1430,75752
1431,65331
1432,43945
1433,64897
1434,75598
1435,95807
1436,75634
1437,85525
1438,86234
1439,76153
1440,85438
1441,44247
1442,76006
1443,44283
1444,44005
1445,75436
1446,96286
1447,97071
1448,96807
1449,85056
1450,117880
1451,112024
1452,54303
1453,64778
1454,85112
1455,96303
1456,85718
1457,65322
1458,85827
1459,86239
1460,111874
1461,111711
1462,96431
1463,43906
1464,96199
1465,54518
1466,85385
1467,64748
1468,65202
1469,54349
1470,43978
1471,117768
1472,76122
1473,97011
1474,96133
1475,97196
1476,74958
1477,97096
1478,96571
1479,43973
1480,75527
1481,75160
1482,85248
1483,54281
1484,43920
1485,44124
1486,86092
1487,54606
1488,75265
1489,65110
1490,85420
1491,65340
1492,44439
1493,85930
1494,95814
1495,112070
1496,86171
1497,96343
1498,54504
1499,65338
1500,85433
1501,85513
1502,75309
1503,75040
1504,75383
1505,112047
1506,44057
1507,43867
1508,96059
1509,43975
1510,64878
1511,117704
1512,117735
1513,117579
1514,53877
1515,85629
1516,54580
1517,96022
1518,54003
1519,96451
1520,96169
1521,111975
1522,85209
1523,76058
1524,43942
1525,65206
1526,75071
1527,85860
1528,85779
1529,76032
1530,105842
1531,53891
1532,64760
1533,64827
1534,96885
1535,43862
1536,96587
1537,105808
1538,75792
1539,97004
1540,86102
1541,43913
1542,43936
1543,64889
1544,54456
1545,75578
1546,54604
1547,86002
1548,75398
1549,75507
1550,54162
1551,43846
1552,75472
1553,96594
1554,85917
1555,85878
1556,75355
1557,95926
1558,74949
1559,44199
1560,85197
1561,54482
1562,44179
1563,85553
1564,105944
1565,96814
1566,105839
1567,54376
1568,53978
1569,85399
1570,54615
1571,75720
1572,106042
1573,64806
1574,54176
1575,65314
1576,111992
1577,96893
1578,44173
1579,75380
1580,96255
1581,75609
1582,75509
1583,75640
1584,43866
1585,65239
1586,54666
1587,44230
1588,96183
1589,85597
1590,96351
1591,54392
1592,65107
1593,96894
1594,97175
1595,97097
1596,106011
1597,96700
1598,111922
1599,95972
1600,44082
1601,85565
1602,117806
1603,75203
1604,106070
1605,111714
1606,75025
1607,95804
1608,105855
1609,75869
1610,54138
1611,75724
1612,85760
1613,96034
1614,96999
1615,117611
1616,96037
1617,105898
1618,74898
1619,96904
1620,85506
1621,96502
1622,54553
1623,111805
1624,106052
1625,85724
1626,76131
1627,106013
1628,105798
1629,86001
1630,75183
1631,65071
1632,75198
1633,96065
1634,54175
1635,86072
1636,44450
1637,85076
1638,96853
1639,75860
1640,96016
1641,75123
1642,54249
1643,96382
1644,85600
1645,112003
1646,117554
1647,54185
1648,105940
1649,54577
1650,86029
1651,44210
1652,76069
1653,44382
1654,75672
1655,54317
1656,44209
1657,111703
1658,75595
1659,96572
1660,64951
1661,75965
1662,97108
1663,106035
1664,111634
1665,117560
1666,86267
1667,65056
1668,96629
1669,74893
1670,96678
1671,54294
1672,75592
1673,75318
1674,95872
1675,96721
1676,96093
1677,75455
1678,75722
1679,105883
1680,74912
1681,54119
1682,105840
1683,96080
1684,54309
1685,54006
1686,117827
1687,111801
1688,44249
1689,95978
1690,95819
1691,96294
1692,112031
1693,85829
1694,43870
1695,44147
1696,95917
1697,85224
1698,117841
1699,96138
1700,75962
1701,43998
1702,117597
1703,85509
1704,75952
1705,85765
1706,85905
1707,96966
1708,44345
1709,86128
1710,85939
1711,76045
1712,86228
1713,44454
1714,65366
1715,117803
1716,75018
1717,117758
1718,96872
1719,86100
1720,75284
1721,85967
1722,117523
1723,106063
1724,96618
1725,44456
1726,54471
1727,75503
1728,96769
1729,105894
1730,64973
1731,65266
1732,96641
1733,85298
1734,65419
1735,74926
1736,54273
1737,97025
1738,96830
1739,64948
1740,75528
1741,96757
1742,85170
1743,86062
1744,96252
1745,64909
1746,65296
1747,105766
1748,97034
1749,75268
1750,54254
1751,54432
1752,96987
1753,96695
1754,117471
1755,54042
1756,74968
1757,64887
1758,54567
1759,54362
1760,96519
1761,44154
1762,54626
1763,86241
1764,54039
1765,111998
1766,95904
1767,43896
1768,75547
1769,54397
1770,75660
1771,75375
1772,96450
1773,65304
1774,43889
1775,85086
1776,105917
1777,76099
1778,54198
1779,74943
1780,95712
1781,65096
1782,75570
1783,75432
1784,65384
1785,86163
1786,85069
1787,105960
1788,85688
1789,75426
1790,95977
1791,44120
1792,105963
1793,117708
1794,117740
1795,65031
1796,96393
1797,111755
1798,54390
1799,111694
1800,44085
1801,75957
1802,117750
1803,105804
1804,96955
1805,54324
1806,85082
1807,75802
1808,75416
1809,105905
1810,85162
1811,44236
1812,54229
1813,105816
1814,86176
1815,85758
1816,112030
1817,117489
1818,96299
1819,44259
1820,75146
1821,75260
1822,117775
1823,97106
1824,85041
1825,76000
1826,117822
1827,44070
1828,74935
1829,54619
1830,44102
1831,64861
1832,75085
1833,75649
1834,75524
1835,111799
1836,44080
1837,54418
1838,44377
1839,96254
1840,97078
1841,85115
1842,44256
1843,96092
1844,96663
1845,54467
1846,117866
1847,85963
1848,96347
1849,96953
1850,43961
1851,44415
1852,105989
1853,43969
1854,86051
1855,96061
1856,117833
1857,86124
1858,86120
1859,75294
1860,54256
1861,96646
1862,85075
1863,74996
1864,96127
1865,111749
1866,105825
1867,95760
1868,96402
1869,96557
1870,85486
1871,75917
1872,111688
1873,105914
1874,85383
1875,85349
1876,111955
1877,54508
1878,96499
1879,75124
1880,75969
1881,54651
1882,85897
1883,54398
1884,75148
1885,96728
1886,105752
1887,75351
1888,85161
1889,75078
1890,44372
1891,85944
1892,85514
1893,44052
1894,111929
1895,65175
1896,54594
1897,64844
1898,85819
1899,85535
1900,96597
1901,96008
1902,85223
1903,75918
1904,112043
1905,54035
1906,95785
1907,96686
1908,111724
1909,96090
1910,117659
1911,105849
1912,85993
1913,75042
1914,75075
1915,54319
1916,54590
1917,43914
1918,75877
1919,111853
1920,111828
1921,96263
1922,106024
1923,65408
1924,75631
1925,112075
1926,44306
1927,64939
1928,75734
1929,44043
1930,44391
1931,95882
1932,85735
1933,95990
1934,54058
1935,54643
1936,43964
1937,86126
1938,75467
1939,43963
1940,96588
1941,105870
1942,44163
1943,43927
1944,85228
1945,65375
1946,75931
1947,76089
1948,95809
1949,96691
1950,54012
1951,97049
1952,85340
1953,65079
1954,75514
1955,85512
1956,44348
1957,86208
1958,85833
1959,97141
1960,43958
1961,111674
1962,85852
1963,95805
1964,75892
1965,54132
1966,117529
1967,96074
1968,43909
1969,65224
1970,85653
1971,85824
1972,85371
1973,85116
1974,76171
1975,85510
1976,117500
1977,75757
1978,117804
1979,75587
1980,111680
1981,75361
1982,111707
1983,75168
1984,85913
1985,74957
1986,117807
1987,54320
1988,96428
1989,65256
1990,44110
1991,65300
1992,44145
1993,96535
1994,75217
1995,44459
1996,96617
1997,54122
1998,54216
1999,96569
2000,75895
2001,97065
2002,65396
2003,54033
2004,85435
2005,97166
2006,85574
2007,64982
2008,85183
2009,75833
2010,105844
2011,54554
2012,106079
2013,85921
2014,85113
2015,75334
2016,106002
2017,96751
2018,53981
2019,75673
2020,111985
2021,86201
2022,64795
2023,96109
2024,96290
2025,76014
2026,53963
2027,105762
2028,96512
2029,111663
2030,117536
2031,75560
2032,95951
2033,96493
2034,85643
2035,97173
2036,111961
2037,54194
2038,75452
2039,75333
2040,96228
2041,96485
2042,117646
2043,65000
2044,86020
2045,65015
2046,65374
2047,43932
2048,74977
2049,85322
2050,85585
2051,54600
2052,85671
2053,117527
2054,75525
2055,54370
2056,105885
2057,74904
2058,75812
2059,75008
2060,75218
2061,75105
2062,96461
2063,111944
2064,75230
2065,85924
2066,44393
2067,85108
2068,86013
2069,65230
2070,54237
2071,86110
2072,85483
2073,97019
2074,111730
2075,75815
2076,95816
2077,85686
2078,44437
2079,54173
2080,96991
2081,85669
2082,106037
2083,65308
2084,95722
2085,54187
2086,75170
2087,85507
2088,54100
2089,96274
2090,85120
2091,96241
2092,106008
2093,111752
2094,111738
2095,75111
2096,85212
2097,54108
2098,54302
2099,65292
2100,65046
2101,96598
2102,44299
2103,96863
2104,44441
2105,75508
2106,96821
2107,65190
2108,85634
2109,117852
2110,75142
2111,75435
2112,74950
2113,54301
2114,96208
2115,85378
2116,65360
2117,65321
2118,106054
2119,64821
2120,97084
2121,65007
2122,85722
2123,97190
2124,86202
2125,105918
2126,97028
2127,75122
2128,54512
2129,96875
2130,117785
2131,54656
2132,44198
2133,96788
2134,75747
2135,54572
2136,44016
2137,54469
2138,44202
2139,86061
2140,43934
2141,75669
2142,95845
2143,76081
2144,95729
2145,54271
2146,95988
2147,53863
2148,75397
2149,44399
2150,95834
2151,96918
2152,75604
2153,76137
2154,75633
2155,86049
2156,44056
2157,75771
2158,86085
2159,65339
2160,65424
2161,105968
2162,44239
2163,96664
2164,105965
2165,95737
2166,75565
2167,85316
2168,76049
2169,85126
2170,74920
2171,54391
2172,43874
2173,96541
2174,85849
2175,75341
2176,97013
2177,53910
2178,96576
2179,86025
2180,85592
2181,96013
2182,85459
2183,65243
2184,75650
2185,64747
2186,75667
2187,85733
2188,97006
2189,96798
2190,117639
2191,53964
2192,75764
2193,112046
2194,96561
2195,117832
2196,76185
2197,75257
2198,96146
2199,85464
2200,75421
2201,54479
2202,65162
2203,65184
2204,75041
2205,96756
2206,96671
2207,86034
2208,75066
2209,117792
2210,105975
2211,75696
2212,75885
2213,85277
2214,95731
2215,96603
2216,44065
2217,75037
2218,75161
2219,65439
2220,54099
2221,95911
2222,95803
2223,65347
2224,106077
2225,44300
2226,97008
2227,96528
2228,54588
2229,75267
2230,111670
2231,54648
2232,75179
2233,97110
2234,53973
2235,97156
2236,75158
2237,75518
2238,75516
2239,106067
2240,54183
2241,64899
2242,96600
2243,86139
2244,96221
2245,74984
2246,97014
2247,76073
2248,75623
2249,75608
2250,75850
2251,75246
2252,44155
2253,74895
2254,96800
2255,111644
2256,96102
2257,96515
2258,112037
2259,95818
2260,85986
2261,105955
2262,54163
2263,75269
2264,44078
2265,75975
2266,74894
2267,64963
2268,44170
2269,44406
2270,54427
2271,64822
2272,54646
2273,85650
2274,64920
2275,54367
2276,86260
2277,75083
2278,74899
2279,74924
2280,74937
2281,54659
2282,65151
2283,75824
2284,85428
2285,75646
2286,54450
2287,65098
2288,85409
2289,74989
2290,53893
2291,85949
2292,75873
2293,96260
2294,44436
2295,54493
2296,96333
2297,85150
2298,96487
2299,75498
2300,43965
2301,96375
2302,75887
2303,96927
2304,54608
2305,96015
2306,75019
2307,86255
2308,97102
2309,95927
2310,97184
2311,97148
2312,44130
2313,96098
2314,44086
2315,111786
2316,75388
2317,85797
2318,75793
2319,96011
2320,65290
2321,117641
2322,65325
2323,75047
2324,75319
2325,75449
2326,96881
2327,95747
2328,111912
2329,54457
2330,85705
2331,75679
2332,75719
2333,96218
2334,75882
2335,54377
2336,96861
2337,96411
2338,111772
2339,96048
2340,96423
2341,54171
2342,106031
2343,112033
2344,85250
2345,106075
2346,111967
2347,85337
2348,97047
2349,75228
2350,117678
2351,43980
2352,96103
2353,43968
2354,117574
2355,96554
2356,96359
2357,86150
2358,65391
2359,85625
2360,75977
2361,75520
2362,86218
2363,53868
2364,111748
2365,65018
2366,54423
2367,44481
2368,112008
2369,75519
2370,65289
2371,96982
2372,65431
2373,95948
2374,76091
2375,85841
2376,85497
2377,111898
2378,111987
2379,75590
2380,65371
2381,85341
2382,85523
2383,85260
2384,86211
2385,96590
2386,96052
2387,75344
2388,44373
2389,96203
2390,54404
2391,75471
2392,85847
2393,75159
2394,76181
2395,96353
2396,111904
2397,85989
2398,75927
2399,43879
2400,54570
2401,85696
2402,75199
2403,111594
2404,53951
2405,44370
2406,96935
2407,75740
2408,54010
2409,85205
2410,75076
2411,75868
2412,96983
2413,76056
2414,96750
2415,95928
2416,96372
2417,117771
2418,65245
2419,96941
2420,111775
2421,96111
2422,105850
2423,76141
2424,96659
2425,111733
2426,86243
2427,95993
2428,75431
2429,105743
2430,75687
2431,64892
2432,75930
2433,54593
2434,75825
2435,117486
2436,65306
2437,54522
2438,96672
2439,64774
2440,43881
2441,85038
2442,96773
2443,74906
2444,95742
2445,95967
2446,65385
2447,111888
2448,96564
2449,85798
2450,85446
2451,95880
2452,106003
2453,85690
2454,54022
2455,54045
2456,85178
2457,64852
2458,95789
2459,95932
2460,96952
2461,96064
2462,96161
2463,96811
2464,76103
2465,64765
2466,96921
2467,65030
2468,105795
2469,86117
2470,54476
2471,96110
2472,111658
2473,65280
2474,65264
2475,54263
2476,54499
2477,65225
2478,111844
2479,75840
2480,75728
2481,44101
2482,85227
2483,75289
2484,65361
2485,44024
2486,96911
2487,43888
2488,105802
2489,86014
2490,85494
2491,96257
2492,86090
2493,75879
2494,75810
2495,96086
2496,75413
2497,96868
2498,76017
2499,85946
2500,95879
2501,111720
2502,75376
2503,111980
2504,117609
2505,65139
2506,85603
2507,75709
2508,86167
2509,65154
2510,54443
2511,117738
2512,44276
2513,95899
2514,54346
2515,85518
2516,95838
2517,53918
2518,111858
2519,54481
2520,65394
2521,44463
2522,96942
2523,76088
2524,96434
2525,96630
2526,111620
2527,85328
2528,65137
2529,96637
2530,64881
2531,96926
2532,96108
2533,95898
2534,96547
2535,85580
2536,65167
2537,117889
2538,85865
2539,85051
2540,54174
2541,75905
2542,75354
2543,75702
2544,85351
2545,64739
2546,95711
2547,85863
2548,97069
2549,54001
2550,44063
2551,97195
2552,96201
2553,117741
2554,105991
2555,74936
2556,106046
2557,75729
2558,76031
2559,96019
2560,96020
2561,95763
2562,76178
2563,65268
2564,75823
2565,86227
2566,85649
2567,75870
2568,95862
2569,86165
2570,105784
2571,75245
2572,105812
2573,111893
2574,75505
2575,96552
2576,117681
2577,111604
2578,44413
2579,85886
2580,111861
2581,75730
2582,105761
2583,96068
2584,96924
2585,105854
2586,85090
2587,76150
2588,85447
2589,64879
2590,111981
2591,65209
2592,75538
2593,111873
2594,54458
2595,74916
2596,85640
2597,65332
2598,44161
2599,65416
2600,117570
2601,86170
2602,75475
2603,85304
2604,43822
2605,44314
2606,75864
2607,96799
2608,96784
2609,64841
2610,95751
2611,85255
2612,112021
2613,75211
2614,65436
2615,54307
2616,95878
2617,96565
2618,53925
2619,96151
2620,54495
2621,43971
2622,76147
2623,75790
2624,86003
2625,54046
2626,44139
2627,54422
2628,65185
2629,75249
2630,97114
2631,64851
2632,117711
2633,43984
2634,44093
2635,85539
2636,54145
2637,97137
2638,75548
2639,74900
2640,97080
2641,97022
2642,75773
2643,96495
2644,117849
2645,53866
2646,75222
2647,97180
2648,85080
2649,75857
2650,54351
2651,65078
2652,54278
2653,44055
2654,85441
2655,85850
2656,95841
2657,96132
2658,76050
2659,85975
2660,75386
2661,54156
2662,64872
2663,96813
2664,117679
2665,117853
2666,64870
2667,111667
2668,96232
2669,85392
2670,85424
2671,54490
2672,44356
2673,96514
2674,95739
2675,44258
2676,54601
2677,85869
2678,75725
2679,111870
2680,75511
2681,76037
2682,43899
2683,75372
2684,54252
2685,85541
2686,96361
2687,85344
2688,96669
2689,75331
2690,54048
2691,44185
2692,85271
2693,96087
2694,43850
2695,74974
2696,75470
2697,95930
2698,96264
2699,54259
2700,44310
2701,64854
2702,85811
2703,85129
2704,85544
2705,85776
2706,74978
2707,105911
2708,75229
2709,117830
2710,117661
2711,85470
2712,86209
2713,65201
2714,96620
2715,75951
2716,54297
2717,105881
2718,112065
2719,105929
2720,96407
2721,75031
2722,75276
2723,54296
2724,43898
2725,105744
2726,117511
2727,105937
2728,97081
2729,97123
2730,53915
2731,96948
2732,44248
2733,96544
2734,44261
2735,74928
2736,54014
2737,96219
2738,65068
2739,85885
2740,112052
2741,112022
2742,54352
2743,96323
2744,75178
2745,117893
2746,96233
2747,85042
2748,54400
2749,97026
2750,76095
2751,64931
2752,85045
2753,54447
2754,112007
2755,85675
2756,96938
2757,75060
2758,85184
2759,75999
2760,44470
2761,43946
2762,96964
2763,96012
2764,95958
2765,75054
2766,54585
2767,75097
2768,44094
2769,54125
2770,75332
2771,111809
2772,85472
2773,75100
2774,44359
2775,96194
2776,44250
2777,64770
2778,105813
2779,85590
2780,96694
2781,97095
2782,54055
2783,75606
2784,105819
2785,117834
2786,74931
2787,75813
2788,65186
2789,44262
2790,95748
2791,96082
2792,53942
2793,96338
2794,54358
2795,111892
2796,95778
2797,53987
2798,85294
2799,111791
2800,65397
2801,85623
2802,64838
2803,76064
2804,97217
2805,85749
2806,96729
2807,44333
2808,105788
2809,111750
2810,75302
2811,86205
2812,96842
2813,96960
2814,65119
2815,96352
2816,44483
2817,96690
2818,85461
2819,75381
2820,86191
2821,85103
2822,97143
2823,65019
2824,75901
2825,85898
2826,117782
2827,54140
2828,43890
2829,105976
2830,75336
2831,85169
2832,85367
2833,117776
2834,95897
2835,85804
2836,75504
2837,65121
2838,106027
2839,44129
2840,85276
2841,54316
2842,43947
2843,54435
2844,96363
2845,85336
2846,96614
2847,106061
2848,65295
2849,65095
2850,85342
2851,54168
2852,85519
2853,54334
2854,75264
2855,65298
2856,54178
2857,96287
2858,96529
2859,106009
2860,117694
2861,112066
2862,105806
2863,65141
2864,117674
2865,85343
2866,96167
2867,64902
2868,65380
2869,65103
2870,111883
2871,75023
2872,64922
2873,96051
2874,44330
2875,85313
2876,44350
2877,44211
2878,54581
2879,86182
2880,43848
2881,97136
2882,85780
2883,96142
2884,111905
2885,111855
2886,75936
2887,117894
2888,44279
2889,54591
2890,65313
2891,105972
2892,76097
2893,96456
2894,76053
2895,65402
2896,86075
2897,96371
2898,112069
2899,96962
2900,85952
2901,64999
2902,44457
2903,105928
2904,64810
2905,76125
2906,117743
2907,106050
2908,85072
2909,111702
2910,85233
2911,65037
2912,117860
2913,95947
2914,64752
2915,43996
2916,96638
2917,86156
2918,96703
2919,117640
2920,44317
2921,117512
2922,75377
2923,111990
2924,54030
2925,64829
2926,75680
2927,105818
2928,75978
2929,85894
2930,75032
2931,117543
2932,75251
2933,54578
2934,44325
2935,44153
2936,54375
2937,86089
2938,54257
2939,64805
2940,85868
2941,44354
2942,75073
2943,86136
2944,43921
2945,54428
2946,75157
2947,54258
2948,64993
2949,44286
2950,75144
2951,85576
2952,54283
2953,85582
2954,86077
2955,54566
2956,96266
2957,85968
2958,76085
2959,43833
2960,43933
2961,44320
2962,64905
2963,111917
2964,86158
2965,85203
2966,75227
2967,86101
2968,95957
2969,96580
2970,105822
2971,96357
2972,117892
2973,76148
2974,111696
2975,86258
2976,117667
2977,95959
2978,75553
2979,65274
2980,106051
2981,97200
2982,105946
2983,64959
2984,75733
2985,75138
2986,54634
2987,43885
2988,44271
2989,85801
2990,96855
2991,111678
2992,111925
2993,75711
2994,54207
2995,44135
2996,65447
2997,95916
2998,44475
2999,64950
3000,85845
3001,117778
3002,117666
3003,86261
3004,95759
3005,65086
3006,75683
3007,96193
3008,75095
3009,111824
3010,112073
3011,64812
3012,53997
3013,97098
3014,76175
3015,96117
3016,75045
3017,64900
3018,85933
3019,111628
3020,117510
3021,117676
3022,75754
3023,85265
3024,117496
3025,65247
3026,76154
3027,65426
3028,96726
3029,85395
3030,85052
3031,85147
3032,86250
3033,44041
3034,75535
3035,85843
3036,95914
3037,85302
3038,75102
3039,76030
3040,44118
3041,44322
3042,44292
3043,44091
3044,96698
3045,96651
3046,75137
3047,76009
3048,105950
3049,86172
3050,96096
3051,111847
3052,112029
3053,97179
3054,54332
3055,75279
3056,75453
3057,75479
3058,54017
3059,117562
3060,54265
3061,44449
3062,96339
3063,64839
3064,85935
3065,97100
3066,54227
3067,44478
3068,95830
3069,117812
3070,43912
3071,75256
3072,105799
3073,85743
3074,111777
3075,75902
3076,95968
3077,117871
3078,65179
3079,76011
3080,95975
3081,54116
3082,117501
3083,54645
3084,105823
3085,111995
3086,75617
3087,97062
3088,112012
3089,105873
3090,53952
3091,75872
3092,85605
3093,54110
3094,117747
3095,105829
3096,44362
3097,75270
3098,95756
3099,44010
3100,86161
3101,74910
3102,85245
3103,54004
3104,96459
3105,85703
3106,105900
3107,85550
3108,111952
3109,86142
3110,95945
3111,54610
3112,44390
3113,53979
3114,75611
3115,54505
3116,75612
3117,54515
3118,85794
3119,85520
3120,54647
3121,54441
3122,76033
3123,111617
3124,43859
3125,75732
3126,111645
3127,96234
3128,105758
3129,96227
3130,74995
3131,75301
3132,96714
3133,76026
3134,64858
3135,96400
3136,111599
3137,65074
3138,96843
3139,54552
3140,117801
3141,117623
3142,85910
3143,43970
3144,96747
3145,65208
3146,86192
3147,85393
3148,75048
3149,64972
3150,105998
3151,97189
3152,54360
3153,86107
3154,75038
3155,75549
3156,54628
3157,65282
3158,85644
3159,85813
3160,44416
3161,96182
3162,85368
3163,44458
3164,75765
3165,85458
3166,75181
3167,117552
3168,75515
3169,96101
3170,64824
3171,96028
3172,86204
3173,117548
3174,85201
3175,86093
3176,96313
3177,95825
3178,96702
3179,85284
3180,117787
3181,85488
3182,54088
3183,75482
3184,54106
3185,105756
3186,44162
3187,64915
3188,95870
3189,86088
3190,111851
3191,54602
3192,85755
3193,85067
3194,85697
3195,54109
3196,75784
3197,65044
3198,75115
3199,53931
3200,76184
3201,65395
3202,65377
3203,76139
3204,105964
3205,105981
3206,97211
3207,96582
3208,44097
3209,97122
3210,86236
3211,96605
3212,54246
3213,117603
3214,96365
3215,65061
3216,76062
3217,74917
3218,111871
3219,86199
3220,64813
3221,54342
3222,44149
3223,65219
3224,43836
3225,54213
3226,75235
3227,43864
3228,105913
3229,85318
3230,95941
3231,96673
3232,96273
3233,44137
3234,65109
3235,85895
3236,96586
3237,96325
3238,75004
3239,75619
3240,75648
3241,75828
3242,44288
3243,44243
3244,75921
3245,75342
3246,64750
3247,65312
3248,96518
3249,75445
3250,95909
3251,44098
3252,75639
3253,44017
3254,75662
3255,85547
3256,96114
3257,75762
3258,85043
3259,105797
3260,75477
3261,54274
3262,96985
3263,65220
3264,85786
3265,44218
3266,43951
3267,53930
3268,43817
3269,97094
3270,74972
3271,54338
3272,65106
3273,75536
3274,75856
3275,96636
3276,111689
3277,74959
3278,96391
3279,86108
3280,75851
3281,64815
3282,117697
3283,54182
3284,54605
3285,105983
3286,76074
3287,65147
3288,97085
3289,54642
3290,85249
3291,95755
3292,65115
3293,85280
3294,111875
3295,86096
3296,54266
3297,75797
3298,96053
3299,111779
3300,65284
3301,96458
3302,95871
3303,96392
3304,54630
3305,76067
3306,65344
3307,96017
3308,64929
3309,53993
3310,111780
3311,75087
3312,75220
3313,117610
3314,74964
3315,76152
3316,75200
3317,96616
3318,96969
3319,54079
3320,44352
3321,96046
3322,54111
3323,111756
3324,75804
3325,96150
3326,75897
3327,54409
3328,54424
3329,96662
3330,75327
3331,95962
3332,75706
3333,54268
3334,106010
3335,85190
3336,65164
3337,64808
3338,43917
3339,96632
3340,85088
3341,54662
3342,111882
3343,43937
3344,96631
3345,54573
3346,75997
3347,95907
3348,54485
3349,117688
3350,85425
3351,85712
3352,53941
3353,65333
3354,53894
3355,64826
3356,54597
3357,76076
3358,64758
3359,117473
3360,43918
3361,85937
3362,106018
3363,75580
3364,64876
3365,43894
3366,111867
3367,54074
3368,65286
3369,86026
3370,96937
3371,65229
3372,117557
3373,75298
3374,65138
3375,95965
3376,85296
3377,96457
3378,43922
3379,97007
3380,75946
3381,86057
3382,44009
3383,117551
3384,53896
3385,95869
3386,97031
3387,54455
3388,111997
3389,105833
3390,96635
3391,44410
3392,54202
3393,44077
3394,85578
3395,96063
3396,75703
3397,44226
3398,65100
3399,44028
3400,85301
3401,54211
3402,96742
3403,76004
3404,54293
3405,44357
3406,96733
3407,75352
3408,44232
3409,85862
3410,97068
3411,96774
3412,111632
3413,44224
3414,54070
3415,111988
3416,117683
3417,95822
3418,111815
3419,54243
3420,96668
3421,54139
3422,54595
3423,53921
3424,95797
3425,75174
3426,105853
3427,105951
3428,74922
3429,43882
3430,96870
3431,96418
3432,106062
3433,44419
3434,85715
3435,96270
3436,75226
3437,106065
3438,53976
3439,75473
3440,86198
3441,96738
3442,64911
3443,64990
3444,54364
3445,75121
3446,65060
3447,64969
3448,75956
3449,54318
3450,117881
3451,85764
3452,44099
3453,111797
3454,43903
3455,117842
3456,44364
3457,117488
3458,44025
3459,112059
3460,43907
3461,111976
3462,111598
3463,95840
3464,54448
3465,44467
3466,97021
3467,106000
3468,54128
3469,105753
3470,96776
3471,96654
3472,54486
3473,44148
3474,75695
3475,64863
3476,111622
3477,111742
3478,54166
3479,44104
3480,65178
3481,86148
3482,75677
3483,54618
3484,75438
3485,76169
3486,75559
3487,53905
3488,117726
3489,85402
3490,96925
3491,105851
3492,75510
3493,44254
3494,86245
3495,96404
3496,111671
3497,85122
3498,76051
3499,75130
3500,65222
3501,111771
3502,96680
3503,75642
3504,96505
3505,85272
3506,111608
3507,96551
3508,44388
3509,111826
3510,117736
3511,85740
3512,97060
3513,105759
3514,105959
3515,97030
3516,97056
3517,76112
3518,117885
3519,75055
3520,44079
3521,95715
3522,105830
3523,105877
3524,54292
3525,112020
3526,65158
3527,95787
3528,95820
3529,54343
3530,95771
3531,105789
3532,96202
3533,75223
3534,75919
3535,85499
3536,76090
3537,86256
3538,75821
3539,97146
3540,85266
3541,96308
3542,96687
3543,96767
3544,64816
3545,85455
3546,105992
3547,75155
3548,75255
3549,44274
3550,64775
3551,106032
3552,111900
3553,75266
3554,111920
3555,76155
3556,75005
3557,75776
3558,86264
3559,75597
3560,85621
3561,111651
3562,85347
3563,44280
3564,97209
3565,85872
3566,74956
3567,85118
3568,85353
3569,54031
3570,96890
3571,65017
3572,86063
3573,96162
3574,111735
3575,105782
3576,96345
3577,53953
3578,53966
3579,54502
3580,53922
3581,75113
3582,75742
3583,95877
3584,44338
3585,43868
3586,96236
3587,85951
3588,75231
3589,111751
3590,85995
3591,85856
3592,74921
3593,97125
3594,96293
3595,65123
3596,76015
3597,53876
3598,111763
3599,96634
3600,117725
3601,53907
3602,85168
3603,44418
3604,86081
3605,111593
3606,76093
3607,44347
3608,95944
3609,54236
3610,85616
3611,85215
3612,75092
3613,65210
3614,44389
3615,65091
3616,54586
3617,96104
3618,85546
3619,111999
3620,86066
3621,75017
3622,76018
3623,65413
3624,43837
3625,106055
3626,44193
3627,111592
3628,65346
3629,117888
3630,54137
3631,96360
3632,96566
3633,75552
3634,44429
3635,96322
3636,85374
3637,96685
3638,53916
3639,43990
3640,75589
3641,54027
3642,96644
3643,97216
3644,97012
3645,65433
3646,75240
3647,111609
3648,75532
3649,85572
3650,75131
3651,54624
3652,44071
3653,86212
3654,54550
3655,44022
3656,85976
3657,86133
3658,53901
3659,85185
3660,85784
3661,97091
3662,65174
3663,96406
3664,105967
3665,76063
3666,85127
3667,54535
3668,54065
3669,96706
3670,96682
3671,75980
3672,54543
3673,117867
3674,85491
3675,75758
3676,75026
3677,105746
3678,96794
3679,54359
3680,43895
3681,96543
3682,86067
3683,105820
3684,96186
3685,53904
3686,75400
3687,86111
3688,85331
3689,44204
3690,85785
3691,75655
3692,95971
3693,65020
3694,111860
3695,75638
3696,65040
3697,85825
3698,65422
3699,53880
3700,111959
3701,105841
3702,75816
3703,75139
3704,44237
3705,96171
3706,96296
3707,96414
3708,65051
3709,117877
3710,75654
3711,53968
3712,85615
3713,96153
3714,105994
3715,106039
3716,85820
3717,75678
3718,111802
3719,75502
3720,44296
3721,96812
3722,54540
3723,86005
3724,96803
3725,95765
3726,111863
3727,105774
3728,43825
3729,95721
3730,85221
3731,95774
3732,65005
3733,43830
3734,117815
3735,64994
3736,85622
3737,85498
3738,97207
3739,44039
3740,85263
3741,86173
3742,65353
3743,44383
3744,96806
3745,75360
3746,65259
3747,96486
3748,85339
3749,64857
3750,75531
3751,85681
3752,85366
3753,75987
3754,96944
3755,85778
3756,53983
3757,75710
3758,44177
3759,44238
3760,111908
3761,111601
3762,54330
3763,85361
3764,54114
3765,75811
3766,96973
3767,111681
3768,85269
3769,44105
3770,74948
3771,105969
3772,86037
3773,111768
3774,75143
3775,64904
3776,85315
3777,117825
3778,54154
3779,96920
3780,65244
3781,105922
3782,54489
3783,44447
3784,96606
3785,64985
3786,65112
3787,43838
3788,117555
3789,65021
3790,85929
3791,96455
3792,85998
3793,75855
3794,65351
3795,54668
3796,96825
3797,111936
3798,86221
3799,111969
3800,111896
3801,117630
3802,76075
3803,65262
3804,96752
3805,74967
3806,85417
3807,111683
3808,85211
3809,96337
3810,106020
3811,75616
3812,86022
3813,44291
3814,105765
3815,96770
3816,96879
3817,86053
3818,105896
3819,54239
3820,111803
3821,96454
3822,44446
3823,117824
3824,117829
3825,85631
3826,54379
3827,54049
3828,117705
3829,75437
3830,105831
3831,75450
3832,85775
3833,96310
3834,65144
3835,85991
3836,54151
3837,95866
3838,44228
3839,117558
3840,95750
3841,85595
3842,117478
3843,65142
3844,43901
3845,75050
3846,85751
3847,75533
3848,43820
3849,44234
3850,85500
3851,117598
3852,117624
3853,86050
3854,85571
3855,95743
3856,96421
3857,85528
3858,112000
3859,86103
3860,117524
3861,111699
3862,86069
3863,96141
3864,111911
3865,96262
3866,96880
3867,96949
3868,117582
3869,75263
3870,96786
3871,75899
3872,117494
3873,117484
3874,105886
3875,54500
3876,85293
3877,85348
3878,64901
3879,97038
3880,96047
3881,75417
3882,105993
3883,65348
3884,44409
3885,44084
3886,106064
3887,85204
3888,44381
3889,96226
3890,44487
3891,96319
3892,75460
3893,54127
3894,96318
3895,96500
3896,75224
3897,64945
3898,65200
3899,54654
3900,85423
3901,85381
3902,43986
3903,111957
3904,43987
3905,75693
3906,85365
3907,105775
3908,44246
3909,65063
3910,85738
3911,85581
3912,54028
3913,53871
3914,96581
3915,64917
3916,117707
3917,75412
3918,54051
3919,44164
3920,105874
3921,96197
3922,75049
3923,85142
3924,43911
3925,75685
3926,117712
3927,65054
3928,85356
3929,117522
3930,97074
3931,75169
3932,53923
3933,54669
3934,75661
3935,96204
3936,65163
3937,95782
3938,43985
3939,75970
3940,95708
3941,53977
3942,54141
3943,117475
3944,96760
3945,54402
3946,85787
3947,54222
3948,117540
3949,75749
3950,111679
3951,106078
3952,95896
3953,86047
3954,111783
3955,75391
3956,54167
3957,75624
3958,54571
3959,54611
3960,43865
3961,85777
3962,96550
3963,96913
3964,44290
3965,65390
3966,44473
3967,85257
3968,44455
3969,117779
3970,65058
3971,75593
3972,44346
3973,105979
3974,75033
3975,96763
3976,96608
3977,117549
3978,64975
3979,106016
3980,86251
3981,96909
3982,85874
3983,105939
3984,117480
3985,105780
3986,96705
3987,96009
3988,85141
3989,76177
3990,105754
3991,54072
3992,75854
3993,85529
3994,97072
3995,44293
3996,75632
3997,85750
3998,85158
3999,85495
4000,54532
4001,65217
4002,96175
4003,96759
4004,95881
4005,111913
4006,43869
4007,75615
4008,86033
4009,96198
4010,65008
4011,96010
4012,75629
4013,85430
4014,44423
4015,117565
4016,96309
4017,96190
4018,44200
4019,75694
4020,76168
4021,85821
4022,75948
4023,97167
4024,75461
4025,111719
4026,117760
4027,76142
4028,54483
4029,117777
4030,54388
4031,96250
4032,85102
4033,76040
4034,117770
4035,54519
4036,75259
4037,95995
4038,44289
4039,65310
4040,44180
4041,64763
4042,95942
4043,95793
4044,105920
4045,75476
4046,111854
4047,111800
4048,75807
4049,75796
4050,106081
4051,85131
4052,96568
4053,96427
4054,96258
4055,96192
4056,111747
4057,43988
4058,54461
4059,97165
4060,96265
4061,96284
4062,85329
4063,74908
4064,96243
4065,111764
4066,96871
4067,111718
4068,75396
4069,117516
4070,65399
4071,75551
4072,96905
4073,65173
4074,112004
4075,65143
4076,75554
4077,105891
4078,75389
4079,96546
4080,44334
4081,111932
4082,75658
4083,76022
4084,106045
4085,54480
4086,75542
4087,117474
4088,112045
4089,65131
4090,85128
4091,85584
4092,75579
4093,44378
4094,75206
4095,96783
4096,96042
4097,96419
4098,85846
4099,111682
4100,75337
4101,96054
4102,86018
4103,64947
4104,96976
4105,96178
4106,54157
4107,54135
4108,117472
4109,44194
4110,96160
4111,65129
4112,54054
4113,54142
4114,111610
4115,64880
4116,44122
4117,75684
4118,105792
4119,96058
4120,96004
4121,97036
4122,96850
4123,111704
4124,75197
4125,75012
4126,85970
4127,54589
4128,96467
4129,75774
4130,85391
4131,111728
4132,65035
4133,85489
4134,96174
4135,96692
4136,75501
4137,75934
4138,117643
4139,85812
4140,96069
4141,54206
4142,65405
4143,86012
4144,76024
4145,75013
4146,85389
4147,54413
4148,75537
4149,105760
4150,54270
4151,44361
4152,105763
4153,65440
4154,85096
4155,65234
4156,44219
4157,54449
4158,44273
4159,64784
4160,85834
4161,96900
4162,76078
4163,96464
4164,75698
4165,75207
4166,96933
4167,96473
4168,75187
4169,96699
4170,96091
4171,53906
4172,44474
4173,75164
4174,75780
4175,75836
4176,85609
4177,44282
4178,85234
4179,85698
4180,112011
4181,95865
4182,85925
4183,96095
4184,44190
4185,106066
4186,95982
4187,85990
4188,117625
4189,85569
4190,85773
4191,53996
4192,54558
4193,75727
4194,96315
4195,75154
4196,44134
4197,86000
4198,54144
4199,54583
4200,117502
4201,111665
4202,117873
4203,111966
4204,76002
4205,54209
4206,86099
4207,44106
4208,75167
4209,117607
4210,96896
4211,65122
4212,54096
4213,75898
4214,75636
4215,86145
4216,64776
4217,96908
4218,64884
4219,85980
4220,54576
4221,65176
4222,86166
4223,96647
4224,95861
4225,75020
4226,95895
4227,75305
4228,117660
4229,85892
4230,75735
4231,117541
4232,85876
4233,97130
4234,105889
4235,85552
4236,64875
4237,85364
4238,54347
4239,44428
4240,65362
4241,64941
4242,76065
4243,105838
4244,95934
4245,86252
4246,54497
4247,97032
4248,54098
4249,85741
4250,111947
4251,105776
4252,105751
4253,64912
4254,85808
4255,64955
4256,85928
4257,44049
4258,44402
4259,111652
4260,86189
4261,65450
4262,97000
4263,64786
4264,75292
4265,85911
4266,96398
4267,96701
4268,111918
4269,44192
4270,86164
4271,54133
4272,96006
4273,43944
4274,54496
4275,75912
4276,54470
4277,54230
4278,54421
4279,54029
4280,96447
4281,96292
4282,64894
4283,111829
4284,97104
4285,111668
4286,54657
4287,96062
4288,85485
4289,95876
4290,96837
4291,44240
4292,64742
4293,44088
4294,96762
4295,75166
4296,85974
4297,117580
4298,75884
4299,111722
4300,54038
4301,75838
4302,75644
4303,117668
4304,44490
4305,85612
4306,97017
4307,54025
4308,95730
4309,85060
4310,111672
4311,65133
4312,54295
4313,54261
4314,96081
4315,74973
4316,65128
4317,85505
4318,96383
4319,75407
4320,44223
4321,111656
4322,65350
4323,117848
4324,111673
4325,96300
4326,86091
4327,85883
4328,54484
4329,85635
4330,85710
4331,75063
4332,96531
4333,95984
4334,75543
4335,74930
4336,95960
4337,117575
4338,43974
4339,85734
4340,54147
4341,97058
4342,75418
4343,85286
4344,65443
4345,106034
4346,64944
4347,53967
4348,117737
4349,179530
4350,61583
4351,179505
4352,148973
4353,179932
4354,51722
4355,60904
4356,61475
4357,259728
4358,72838
4359,52031
4360,247124
4361,258800
4362,62001
4363,259652
4364,259717
4365,51862
4366,271035
4367,61597
4368,246756
4369,246237
4370,62994
4371,271399
4372,164217
4373,179489
4374,259870
4375,70711
4376,72598
4377,271795
4378,72570
4379,50809
4380,259302
4381,71472
4382,246352
4383,60731
4384,60945
4385,164848
4386,180344
4387,71188
4388,61513
4389,50403
4390,52069
4391,72425
4392,149054
4393,259905
4394,165267
4395,49917
4396,72422
4397,247025
4398,62404
4399,180489
4400,63084
4401,164475
4402,71499
4403,258737
4404,72880
4405,71926
4406,63035
4407,164000
4408,51409
4409,149766
4410,270858
4411,246946
4412,259491
4413,149911
4414,72353
4415,259854
4416,165164
4417,70817
4418,180499
4419,61885
4420,50344
4421,258812
4422,246608
4423,180940
4424,247035
4425,149979
4426,150312
4427,179599
4428,246444
4429,73009
4430,50665
4431,165070
4432,180367
4433,258757
4434,271789
4435,149895
4436,246742
4437,50113
4438,62198
4439,60889
4440,50484
4441,71086
4442,51103
4443,62292
4444,259558
4445,72144
4446,246016
4447,259738
4448,271377
4449,60808
4450,50742
4451,60927
4452,245849
4453,61066
4454,271206
4455,62016
4456,271956
4457,72132
4458,72773
4459,271084
4460,246195
4461,62407
4462,271980
4463,62567
4464,258941
4465,258680
4466,71773
4467,60867
4468,271362
4469,61546
4470,180317
4471,271809
4472,246903
4473,165201
4474,71057
4475,51633
4476,149016
4477,246694
4478,72008
4479,180311
4480,71232
4481,271348
4482,70816
4483,61528
4484,62895
4485,271412
4486,51784
4487,61627
4488,72279
4489,60755
4490,260089
4491,180593
4492,50574
4493,150119
4494,70883
4495,259518
4496,180922
4497,165282
4498,165219
4499,149402
4500,246992
4501,70776
4502,150522
4503,246997
4504,180898
4505,179181
4506,271711
4507,50058
4508,247169
4509,50814
4510,71947
4511,165050
4512,179901
4513,50513
4514,62854
4515,259097
4516,181095
4517,179441
4518,50827
4519,71722
4520,150271
4521,164103
4522,149779
4523,150322
4524,246001
4525,72326
4526,150367
4527,180048
4528,62373
4529,247081
4530,259150
4531,51785
4532,180334
4533,271843
4534,62020
4535,246433
4536,72440
4537,71069
4538,150579
4539,149528
4540,165220
4541,179236
4542,70808
4543,62738
4544,72888
4545,164152
4546,61104
4547,50744
4548,246760
4549,165062
4550,246164
4551,72855
4552,72034
4553,271233
4554,50394
4555,70846
4556,164760
4557,149621
4558,149136
4559,62441
4560,180845
4561,61595
4562,259960
4563,50332
4564,259823
4565,246363
4566,258739
4567,259764
4568,180921
4569,179836
4570,61578
4571,180813
4572,246094
4573,62622
4574,180715
4575,70637
4576,259863
4577,164982
4578,72822
4579,179787
4580,51382
4581,246367
4582,259294
4583,72691
4584,271037
4585,271574
4586,164425
4587,180085
4588,148922
4589,246098
4590,73081
4591,150109
4592,245854
4593,62659
4594,62313
4595,72197
4596,150566
4597,62532
4598,180283
4599,180578
4600,149732
4601,271644
4602,72296
4603,164288
4604,150184
4605,246866
4606,70616
4607,72843
4608,50060
4609,71502
4610,70617
4611,149069
4612,72161
4613,71844
4614,72889
4615,164458
4616,148962
4617,164019
4618,50013
4619,259093
4620,271478
4621,62629
4622,259066
4623,271965
4624,73045
4625,71008
4626,271793
4627,73092
4628,73127
4629,61902
4630,179547
4631,246586
4632,165499
4633,179402
4634,164589
4635,71452
4636,259448
4637,62863
4638,164131
4639,179341
4640,150081
4641,71735
4642,180698
4643,50786
4644,271596
4645,246003
4646,149630
4647,179430
4648,180846
4649,72000
4650,271921
4651,259008
4652,71101
4653,180822
4654,259017
4655,271374
4656,149230
4657,179127
4658,180563
4659,150403
4660,62136
4661,71548
4662,246432
4663,71730
4664,61244
4665,50781
4666,271142
4667,271424
4668,51881
4669,61286
4670,150558
4671,271927
4672,259321
4673,50589
4674,50361
4675,51710
4676,164024
4677,179680
4678,72036
4679,246971
4680,179289
4681,63103
4682,164912
4683,258965
4684,271688
4685,73207
4686,71934
4687,246844
4688,70993
4689,258747
4690,164490
4691,63089
4692,150051
4693,51990
4694,61843
4695,62060
4696,271304
4697,51434
4698,150062
4699,51469
4700,163923
4701,149566
4702,72170
4703,72385
4704,61905
4705,180451
4706,246676
4707,61980
4708,180339
4709,259235
4710,52077
4711,50724
4712,180568
4713,271031
4714,165372
4715,259343
4716,165044
4717,258818
4718,61804
4719,62064
4720,62293
4721,71028
4722,150123
4723,180058
4724,71440
4725,61317
4726,179386
4727,61825
4728,246388
4729,149940
4730,72448
4731,71366
4732,61688
4733,164986
4734,60878
4735,259270
4736,246156
4737,50778
4738,179766
4739,163993
4740,165389
4741,62642
4742,245933
4743,150110
4744,150153
4745,164972
4746,179904
4747,60756
4748,70867
4749,72469
4750,164496
4751,180137
4752,149070
4753,61143
4754,52012
4755,271850
4756,71663
4757,50750
4758,258726
4759,164305
4760,148975
4761,180920
4762,62864
4763,52047
4764,70660
4765,61967
4766,165090
4767,72687
4768,73194
4769,179823
4770,150435
4771,61291
4772,149760
4773,179830
4774,72222
4775,71424
4776,51034
4777,164748
4778,51704
4779,71307
4780,259714
4781,50937
4782,71896
4783,71002
4784,149723
4785,258999
4786,271703
4787,62250
4788,60720
4789,61570
4790,259407
4791,72577
4792,271632
4793,150314
4794,149761
4795,61993
4796,149698
4797,271346
4798,71820
4799,259716
4800,246634
4801,165298
4802,70894
4803,60753
4804,71189
4805,165419
4806,150513
4807,259914
4808,164656
4809,50708
4810,164675
4811,271389
4812,179533
4813,150517
4814,150171
4815,259145
4816,260007
4817,72135
4818,62501
4819,163919
4820,270926
4821,246892
4822,62300
4823,163902
4824,70753
4825,51159
4826,150418
4827,180219
4828,271140
4829,180459
4830,150387
4831,51952
4832,180581
4833,165233
4834,50025
4835,245913
4836,61387
4837,179770
4838,149821
4839,51207
4840,61759
4841,61710
4842,270865
4843,62721
4844,71803
4845,61101
4846,150175
4847,71732
4848,150610
4849,258878
4850,179473
4851,149601
4852,179711
4853,71952
4854,260103
4855,150186
4856,165565
4857,72816
4858,246951
4859,165449
4860,51535
4861,271441
4862,271170
4863,61308
4864,71082
4865,271357
4866,62807
4867,164630
4868,260088
4869,270873
4870,72957
4871,62894
4872,61176
4873,63022
4874,71529
4875,61624
4876,49910
4877,71171
4878,51210
4879,71646
4880,62546
4881,62550
4882,72118
4883,271914
4884,51985
4885,61364
4886,50253
4887,50759
4888,150273
4889,259493
4890,72583
4891,259506
4892,246504
4893,150601
4894,164333
4895,164532
4896,71523
4897,164969
4898,61100
4899,246940
4900,179893
4901,150409
4902,259226
4903,61876
4904,51023
4905,165311
4906,60760
4907,246890
4908,51674
4909,245953
4910,271587
4911,149556
4912,73144
4913,150336
4914,72255
4915,181040
4916,62355
4917,258845
4918,150448
4919,179167
4920,247006
4921,62029
4922,62376
4923,51101
4924,165415
4925,271507
4926,179241
4927,164936
4928,72263
4929,258808
4930,149413
4931,165336
4932,180140
4933,50598
4934,247157
4935,70988
4936,62135
4937,148934
4938,149781
4939,61922
4940,271624
4941,50259
4942,149579
4943,70844
4944,51221
4945,62989
4946,180355
4947,150341
4948,50928
4949,70659
4950,149929
4951,61083
4952,180360
4953,149860
4954,259753
4955,247084
4956,72992
4957,51046
4958,259395
4959,72615
4960,259327
4961,179873
4962,71490
4963,246441
4964,150550
4965,72182
4966,179679
4967,73014
4968,271533
4969,63147
4970,62818
4971,180280
4972,180052
4973,165177
4974,61579
4975,62859
4976,61224
4977,72823
4978,164689
4979,164186
4980,271512
4981,61318
4982,71749
4983,61711
4984,71182
4985,50028
4986,165112
4987,149412
4988,165337
4989,246406
4990,246299
4991,180242
4992,179636
4993,61685
4994,149573
4995,149664
4996,246131
4997,72459
4998,51849
4999,165098
5000,149746
5001,72706
5002,164960
5003,52017
5004,60778
5005,51276
5006,180981
5007,271871
5008,164738
5009,259725
5010,271830
5011,62014
5012,164096
5013,51261
5014,72257
5015,180187
5016,180823
5017,246217
5018,165074
5019,165309
5020,259663
5021,51488
5022,61024
5023,245888
5024,179583
5025,246542
5026,149905
5027,72804
5028,148907
5029,50271
5030,164832
5031,61252
5032,62052
5033,61108
5034,61359
5035,61808
5036,259232
5037,164549
5038,73087
5039,50189
5040,62824
5041,259056
5042,73239
5043,246696
5044,60819
5045,72635
5046,63012
5047,51304
5048,149965
5049,149715
5050,259252
5051,271403
5052,258689
5053,164692
5054,164355
5055,150231
5056,70833
5057,62305
5058,259166
5059,62422
5060,179588
5061,148892
5062,149241
5063,259217
5064,245927
5065,271303
5066,260046
5067,72417
5068,180468
5069,271657
5070,246982
5071,246704
5072,71423
5073,72539
5074,51347
5075,164274
5076,50776
5077,52060
5078,271307
5079,62896
5080,271543
5081,52107
5082,258881
5083,150259
5084,179171
5085,164047
5086,72962
5087,163913
5088,51425
5089,271503
5090,50989
5091,63134
5092,180502
5093,73102
5094,50910
5095,62551
5096,246799
5097,246193
5098,246141
5099,71085
5100,247171
5101,51601
5102,259355
5103,61281
5104,259576
5105,62401
5106,72043
5107,51153
5108,71467
5109,149473
5110,272016
5111,258887
5112,72452
5113,62817
5114,259722
5115,50889
5116,71297
5117,51660
5118,72244
5119,72125
5120,271548
5121,165043
5122,180626
5123,61634
5124,179415
5125,246631
5126,165395
5127,149171
5128,247008
5129,70973
5130,51299
5131,180828
5132,72864
5133,150625
5134,71438
5135,164227
5136,165255
5137,149535
5138,51083
5139,149695
5140,70681
5141,164123
5142,180817
5143,62285
5144,72159
5145,51592
5146,181043
5147,51871
5148,62383
5149,163896
5150,179910
5151,50850
5152,71852
5153,259992
5154,246893
5155,149158
5156,246263
5157,180956
5158,72683
5159,259697
5160,51896
5161,270906
5162,51720
5163,73229
5164,164034
5165,150201
5166,72051
5167,150120
5168,72641
5169,149152
5170,271627
5171,180143
5172,52102
5173,72018
5174,148945
5175,72099
5176,149437
5177,50767
5178,61394
5179,246399
5180,50689
5181,180717
5182,62770
5183,73161
5184,50652
5185,165590
5186,149626
5187,164111
5188,62751
5189,259647
5190,180625
5191,272004
5192,149768
5193,62879
5194,180463
5195,51631
5196,71267
5197,149474
5198,259085
5199,71154
5200,50996
5201,245891
5202,179635
5203,51661
5204,50186
5205,71340
5206,271928
5207,164944
5208,73134
5209,72513
5210,149232
5211,62486
5212,62273
5213,51072
5214,271254
5215,179699
5216,148902
5217,71374
5218,51255
5219,180018
5220,50016
5221,164387
5222,179757
5223,61691
5224,73164
5225,149005
5226,259473
5227,51574
5228,163964
5229,50556
5230,71668
5231,60880
5232,180397
5233,61031
5234,260052
5235,72596
5236,60934
5237,72946
5238,62245
5239,72146
5240,50546
5241,259706
5242,71138
5243,51440
5244,246040
5245,271044
5246,62141
5247,71351
5248,270866
5249,150325
5250,271538
5251,259844
5252,246036
5253,179475
5254,61990
5255,61590
5256,247104
5257,271539
5258,149169
5259,71953
5260,72314
5261,63018
5262,246587
5263,72029
5264,50529
5265,165170
5266,180308
5267,50868
5268,50611
5269,259906
5270,180742
5271,259421
5272,246853
5273,61484
5274,150027
5275,149444
5276,70989
5277,259705
5278,271669
5279,71557
5280,259718
5281,180428
5282,246345
5283,50757
5284,246732
5285,149634
5286,62078
5287,149882
5288,149598
5289,180438
5290,164467
5291,259315
5292,51217
5293,179214
5294,245874
5295,271709
5296,62265
5297,62967
5298,62367
5299,71794
5300,71550
5301,164810
5302,62435
5303,164636
5304,179801
5305,246198
5306,73071
5307,271592
5308,149135
5309,179325
5310,149015
5311,150008
5312,259309
5313,62657
5314,245863
5315,61035
5316,51947
5317,149944
5318,70713
5319,61682
5320,50337
5321,259862
5322,181013
5323,149315
5324,271589
5325,61904
5326,71078
5327,62219
5328,73070
5329,71564
5330,61612
5331,258717
5332,180551
5333,246687
5334,271025
5335,149857
5336,247138
5337,246236
5338,150132
5339,149692
5340,247067
5341,62762
5342,164429
5343,247016
5344,61059
5345,258915
5346,149464
5347,51011
5348,71177
5349,62031
5350,62457
5351,71027
5352,179716
5353,51400
5354,51364
5355,150284
5356,71559
5357,164327
5358,71050
5359,258856
5360,72826
5361,50913
5362,72964
5363,70803
5364,70907
5365,72942
5366,149233
5367,246790
5368,247118
5369,50007
5370,165354
5371,70898
5372,50980
5373,71959
5374,72176
5375,71931
5376,71236
5377,180995
5378,149990
5379,73047
5380,259704
5381,50383
5382,71381
5383,259838
5384,259213
5385,259010
5386,51955
5387,246297
5388,246663
5389,71512
5390,180105
5391,260047
5392,50212
5393,62403
5394,258889
5395,49935
5396,164156
5397,271601
5398,149530
5399,71157
5400,50367
5401,180098
5402,271940
5403,271152
5404,149709
5405,51724
5406,50834
5407,180989
5408,179382
5409,62225
5410,62753
5411,165091
5412,164546
5413,259901
5414,148977
5415,51904
5416,271968
5417,271706
5418,150485
5419,51668
5420,72793
5421,50749
5422,260108
5423,50190
5424,72321
5425,71342
5426,62911
5427,164408
5428,164279
5429,258692
5430,180396
5431,164393
5432,179146
5433,164072
5434,247043
5435,164214
5436,271076
5437,270898
5438,62362
5439,258992
5440,180479
5441,258924
5442,179863
5443,246234
5444,150116
5445,62057
5446,179165
5447,271498
5448,271469
5449,165093
5450,165304
5451,73034
5452,245938
5453,260013
5454,259498
5455,50822
5456,149834
5457,72231
5458,259324
5459,271874
5460,150482
5461,271342
5462,179331
5463,246248
5464,149030
5465,259403
5466,49960
5467,245925
5468,164923
5469,259396
5470,61226
5471,246026
5472,165525
5473,149149
5474,50236
5475,271699
5476,61696
5477,179952
5478,50756
5479,149967
5480,50324
5481,259297
5482,247071
5483,179643
5484,72374
5485,179524
5486,61545
5487,258994
5488,50141
5489,259921
5490,246139
5491,246858
5492,271659
5493,165492
5494,258950
5495,149515
5496,180413
5497,61870
5498,247028
5499,149450
5500,259887
5501,179180
5502,246466
5503,272029
5504,164031
5505,71766
5506,149379
5507,150425
5508,164334
5509,246906
5510,51331
5511,246020
5512,148994
5513,72351
5514,246107
5515,61212
5516,180588
5517,71928
5518,150048
5519,164488
5520,246252
5521,149620
5522,245883
5523,71092
5524,72828
5525,62670
5526,180842
5527,70868
5528,62477
5529,179359
5530,61446
5531,271609
5532,246175
5533,150039
5534,180933
5535,72391
5536,72542
5537,179731
5538,246318
5539,246095
5540,72379
5541,179789
5542,246475
5543,62985
5544,51918
5545,180169
5546,164858
5547,180365
5548,148984
5549,259902
5550,165223
5551,62621
5552,51438
5553,246842
5554,51681
5555,180196
5556,50168
5557,165276
5558,62083
5559,50022
5560,50357
5561,61356
5562,71337
5563,179369
5564,51078
5565,180177
5566,179362
5567,271223
5568,245954
5569,180016
5570,246051
5571,51581
5572,246256
5573,50696
5574,258677
5575,246092
5576,62877
5577,259437
5578,71062
5579,164050
5580,259580
5581,164511
5582,247029
5583,71965
5584,150326
5585,246841
5586,180351
5587,62889
5588,70828
5589,72764
5590,164901
5591,164731
5592,164824
5593,71642
5594,246338
5595,71637
5596,149893
5597,258774
5598,72637
5599,60894
5600,247051
5601,246845
5602,164967
5603,61566
5604,180440
5605,164098
5606,180783
5607,49930
5608,52079
5609,70626
5610,62101
5611,50563
5612,149668
5613,61803
5614,72315
5615,149640
5616,164886
5617,62644
5618,164220
5619,62351
5620,72195
5621,165361
5622,72398
5623,246201
5624,51414
5625,149492
5626,149921
5627,149059
5628,62028
5629,164443
5630,245862
5631,62065
5632,271319
5633,71520
5634,149064
5635,180279
5636,149363
5637,246223
5638,49987
5639,71039
5640,245901
5641,259523
5642,271371
5643,150088
5644,181017
5645,164598
5646,180036
5647,149894
5648,72898
5649,164980
5650,180153
5651,61631
5652,51378
5653,271933
5654,271176
5655,71913
5656,72648
5657,180154
5658,259592
5659,150269
5660,259641
5661,246315
5662,179486
5663,71251
5664,50507
5665,149445
5666,259672
5667,62873
5668,180646
5669,71137
5670,50508
5671,49942
5672,73168
5673,50122
5674,72148
5675,260018
5676,259668
5677,61438
5678,179388
5679,165217
5680,72717
5681,180118
5682,61113
5683,62591
5684,50694
5685,62537
5686,72217
5687,71456
5688,50391
5689,164495
5690,179436
5691,260099
5692,72552
5693,62846
5694,50671
5695,51787
5696,180740
5697,246243
5698,164486
5699,50875
5700,181120
5701,72669
5702,71465
5703,246442
5704,164441
5705,179423
5706,72087
5707,150538
5708,180727
5709,51415
5710,61651
5711,259856
5712,179631
5713,71703
5714,164875
5715,62527
5716,246989
5717,180055
5718,71341
5719,71134
5720,149449
5721,51757
5722,165285
5723,62982
5724,71311
5725,72601
5726,179358
5727,70702
5728,51884
5729,149558
5730,180882
5731,246825
5732,51262
5733,61423
5734,49927
5735,50904
5736,150003
5737,51051
5738,72145
5739,51629
5740,245897
5741,180424
5742,149165
5743,52009
5744,61923
5745,259040
5746,50452
5747,149782
5748,51484
5749,259703
5750,51790
5751,61652
5752,271338
5753,164853
5754,62595
5755,62652
5756,246426
5757,73044
5758,50166
5759,179618
5760,259891
5761,164968
5762,149050
5763,149312
5764,259438
5765,271588
5766,164043
5767,165439
5768,271106
5769,150133
5770,51830
5771,61029
5772,260051
5773,70807
5774,62823
5775,71396
5776,179177
5777,50951
5778,150102
5779,179333
5780,71029
5781,71819
5782,70735
5783,50888
5784,164679
5785,50614
5786,246933
5787,259487
5788,246174
5789,259112
5790,258769
5791,71984
5792,164206
5793,164846
5794,180812
5795,71671
5796,259209
5797,61178
5798,149452
5799,61981
5800,258880
5801,259740
5802,180771
5803,164142
5804,179527
5805,179968
5806,50727
5807,149806
5808,50498
5809,179658
5810,71677
5811,71442
5812,62779
5813,164373
5814,71271
5815,51363
5816,61262
5817,61008
5818,246545
5819,149851
5820,50214
5821,246330
5822,180895
5823,62353
5824,51323
5825,163916
5826,62167
5827,246967
5828,271315
5829,72496
5830,62986
5831,164705
5832,271544
5833,149313
5834,271608
5835,181056
5836,70945
5837,51558
5838,63087
5839,271458
5840,179772
5841,259816
5842,72486
5843,61731
5844,164777
5845,245907
5846,148995
5847,180100
5848,259553
5849,260040
5850,49912
5851,50973
5852,49961
5853,246654
5854,179818
5855,260015
5856,148856
5857,50429
5858,51174
5859,72220
5860,61173
5861,63058
5862,60888
5863,62166
5864,245946
5865,62447
5866,165120
5867,50467
5868,50130
5869,71597
5870,179579
5871,271693
5872,165599
5873,150464
5874,245852
5875,179826
5876,61135
5877,259751
5878,62870
5879,149096
5880,164888
5881,259188
5882,72608
5883,61996
5884,259214
5885,164456
5886,72673
5887,61539
5888,259402
5889,71789
5890,51522
5891,51882
5892,72360
5893,180149
5894,271869
5895,150023
5896,62349
5897,61076
5898,150474
5899,50564
5900,50348
5901,246503
5902,71241
5903,163941
5904,164354
5905,71570
5906,179978
5907,50869
5908,165035
5909,164996
5910,61345
5911,180237
5912,70629
5913,164641
5914,180453
5915,180278
5916,62880
5917,62604
5918,61918
5919,259990
5920,50229
5921,164570
5922,246214
5923,60734
5924,51339
5925,164881
5926,50984
5927,149654
5928,179898
5929,62562
5930,164316
5931,247021
5932,164162
5933,164867
5934,179368
5935,50386
5936,245873
5937,71916
5938,259788
5939,62449
5940,259653
5941,247174
5942,246708
5943,258733
5944,165489
5945,180107
5946,246733
5947,72471
5948,164080
5949,179962
5950,50826
5951,180644
5952,72871
5953,164423
5954,62146
5955,70884
5956,179405
5957,164831
5958,149468
5959,258817
5960,259268
5961,71072
5962,61867
5963,63107
5964,259515
5965,62201
5966,50610
5967,271610
5968,259938
5969,50635
5970,179678
5971,179525
5972,60795
5973,71079
5974,163974
5975,72274
5976,61642
5977,165524
5978,62800
5979,258877
5980,258894
5981,149683
5982,71827
5983,70845
5984,245914
5985,62988
5986,149927
5987,70790
5988,63064
5989,51086
5990,259236
5991,62617
5992,50254
5993,50543
5994,71604
5995,72968
5996,149235
5997,180304
5998,71231
5999,150587
6000,179700
6001,150321
6002,150025
6003,62736
6004,150327
6005,71166
6006,271112
6007,247147
6008,164653
6009,149964
6010,150449
6011,70733
6012,63150
6013,246208
6014,62673
6015,246712
6016,180041
6017,164360
6018,62460
6019,72684
6020,50055
6021,165591
6022,70966
6023,165357
6024,246275
6025,259401
6026,180477
6027,52081
6028,150582
6029,165344
6030,62008
6031,72382
6032,71058
6033,271134
6034,271128
6035,50950
6036,62093
6037,164194
6038,61156
6039,180818
6040,51669
6041,246913
6042,180076
6043,179914
6044,71198
6045,71359
6046,165216
6047,259313
6048,62726
6049,180731
6050,245884
6051,149381
6052,246576
6053,70838
6054,51888
6055,260083
6056,271590
6057,71872
6058,51118
6059,247161
6060,259845
6061,181113
6062,72470
6063,164359
6064,258781
6065,71812
6066,73188
6067,271640
6068,180217
6069,246006
6070,271139
6071,179755
6072,149382
6073,271273
6074,246343
6075,50278
6076,246610
6077,259543
6078,259335
6079,71723
6080,259052
6081,61725
6082,52074
6083,50609
6084,271057
6085,164446
6086,149874
6087,51630
6088,72885
6089,50790
6090,72782
6091,60893
6092,71468
6093,179558
6094,52026
6095,180063
6096,271244
6097,62338
6098,60965
6099,247077
6100,180860
6101,179183
6102,180987
6103,272025
6104,62155
6105,164799
6106,50094
6107,150355
6108,180080
6109,164369
6110,179197
6111,164335
6112,50798
6113,51640
6114,49988
6115,150204
6116,246284
6117,63054
6118,148969
6119,271322
6120,71645
6121,71641
6122,164283
6123,271116
6124,60972
6125,62086
6126,72053
6127,165034
6128,247052
6129,61422
6130,63128
6131,259138
6132,149917
6133,271763
6134,247144
6135,51451
6136,259429
6137,271003
6138,72060
6139,164826
6140,165272
6141,51226
6142,246482
6143,179211
6144,51835
6145,149066
6146,163975
6147,180392
6148,71545
6149,259267
6150,71070
6151,259308
6152,71087
6153,63106
6154,50667
6155,179782
6156,71363
6157,62350
6158,149861
6159,61378
6160,258719
6161,50771
6162,180226
6163,51738
6164,150462
6165,61523
6166,164718
6167,246106
6168,258724
6169,50068
6170,72703
6171,150497
6172,71948
6173,51205
6174,259329
6175,61932
6176,51208
6177,259106
6178,50185
6179,72806
6180,51502
6181,270954
6182,72983
6183,271838
6184,71719
6185,71592
6186,61972
6187,259013
6188,72835
6189,179442
6190,71043
6191,72926
6192,180927
6193,271569
6194,165520
6195,259561
6196,61586
6197,149590
6198,62792
6199,164146
6200,149222
6201,180679
6202,62239
6203,150456
6204,179204
6205,246279
6206,180681
6207,180606
6208,181041
6209,165242
6210,70646
6211,73142
6212,179726
6213,149652
6214,51614
6215,180554
6216,150599
6217,63071
6218,150305
6219,73244
6220,72088
6221,62787
6222,148991
6223,271443
6224,164345
6225,164267
6226,258759
6227,72370
6228,61789
6229,260078
6230,50481
6231,148888
6232,52063
6233,270897
6234,271852
6235,71005
6236,164170
6237,62466
6238,50191
6239,72224
6240,50591
6241,61093
6242,164942
6243,246818
6244,61521
6245,150056
6246,50955
6247,164647
6248,181003
6249,60830
6250,180382
6251,181071
6252,180763
6253,179467
6254,60978
6255,50813
6256,246271
6257,246739
6258,60987
6259,61340
6260,61445
6261,51096
6262,62631
6263,61342
6264,180755
6265,150407
6266,61752
6267,163986
6268,246161
6269,149400
6270,149656
6271,61431
6272,51466
6273,179196
6274,149596
6275,164405
6276,50489
6277,180658
6278,51073
6279,259411
6280,60936
6281,72288
6282,164149
6283,164167
6284,62446
6285,72122
6286,164583
6287,149707
6288,180305
6289,179695
6290,246670
6291,245988
6292,63080
6293,149577
6294,150357
6295,260020
6296,259511
6297,271256
6298,72963
6299,72111
6300,246273
6301,62687
6302,164898
6303,51900
6304,180337
6305,179144
6306,165383
6307,179266
6308,149948
6309,149658
6310,61758
6311,72404
6312,179140
6313,271896
6314,50199
6315,164592
6316,271829
6317,61256
6318,165400
6319,72189
6320,164899
6321,50620
6322,72013
6323,61088
6324,246988
6325,50245
6326,50024
6327,62610
6328,70830
6329,72619
6330,259929
6331,72960
6332,165295
6333,165589
6334,62430
6335,259736
6336,181006
6337,180806
6338,50073
6339,70951
6340,63001
6341,258791
6342,180948
6343,62320
6344,71988
6345,63163
6346,260005
6347,259510
6348,62801
6349,164254
6350,71923
6351,61669
6352,70782
6353,164129
6354,164729
6355,246015
6356,51625
6357,150454
6358,50110
6359,72206
6360,71921
6361,51905
6362,180901
6363,51853
6364,72456
6365,149629
6366,150372
6367,165189
6368,181044
6369,247127
6370,61774
6371,164012
6372,72859
6373,62382
6374,70726
6375,246685
6376,63165
6377,259466
6378,51692
6379,62314
6380,62054
6381,180087
6382,163946
6383,271686
6384,70823
6385,51561
6386,180577
6387,259472
6388,179367
6389,72543
6390,246781
6391,270933
6392,271519
6393,259983
6394,149789
6395,61791
6396,50311
6397,179135
6398,73241
6399,258895
6400,179227
6401,271762
6402,60749
6403,180571
6404,72620
6405,271908
6406,181045
6407,61674
6408,72032
6409,73126
6410,71428
6411,270872
6412,51075
6413,271650
6414,62836
6415,62632
6416,246110
6417,164713
6418,72606
6419,165427
6420,70893
6421,246835
6422,164141
6423,50668
6424,271571
6425,180917
6426,70612
6427,180573
6428,164075
6429,165527
6430,72560
6431,51649
6432,271337
6433,61929
6434,61646
6435,259837
6436,271804
6437,245903
6438,149288
6439,179433
6440,271387
6441,149321
6442,51018
6443,51308
6444,51251
6445,148992
6446,150077
6447,72558
6448,70744
6449,150492
6450,70607
6451,60895
6452,70738
6453,51277
6454,179158
6455,52044
6456,61899
6457,50071
6458,259947
6459,50454
6460,165214
6461,181060
6462,71666
6463,62704
6464,164512
6465,61022
6466,271811
6467,164634
6468,164743
6469,61319
6470,72054
6471,271724
6472,61036
6473,150193
6474,62786
6475,150348
6476,70879
6477,70933
6478,62535
6479,260093
6480,165281
6481,71001
6482,271406
6483,51598
6484,50608
6485,62955
6486,258855
6487,245920
6488,62568
6489,51144
6490,150423
6491,247141
6492,72818
6493,246570
6494,245945
6495,179482
6496,259691
6497,271561
6498,246204
6499,246873
6500,271875
6501,61462
6502,62131
6503,51439
6504,149584
6505,258839
6506,149677
6507,180816
6508,246806
6509,73107
6510,259633
6511,73208
6512,271143
6513,259632
6514,51816
6515,258951
6516,51758
6517,179894
6518,258684
6519,62323
6520,165321
6521,71837
6522,62519
6523,271168
6524,165305
6525,62653
6526,271970
6527,50700
6528,259848
6529,71252
6530,71884
6531,259712
6532,71777
6533,71999
6534,71053
6535,180296
6536,50882
6537,72781
6538,149711
6539,51684
6540,51541
6541,72876
6542,61989
6543,62975
6544,50641
6545,179708
6546,71805
6547,180815
6548,72467
6549,50752
6550,62946
6551,179909
6552,62729
6553,179947
6554,258970
6555,50100
6556,149293
6557,259476
6558,61769
6559,72031
6560,246322
6561,60776
6562,51962
6563,72416
6564,179185
6565,148952
6566,63017
6567,165544
6568,50679
6569,180208
6570,245905
6571,71800
6572,51808
6573,271401
6574,72308
6575,259189
6576,62151
6577,246596
6578,164544
6579,62972
6580,71562
6581,71250
6582,61376
6583,51780
6584,246766
6585,52103
6586,165082
6587,148881
6588,180790
6589,50307
6590,259216
6591,258967
6592,164988
6593,50335
6594,259661
6595,150013
6596,51061
6597,52023
6598,50602
6599,165454
6600,50597
6601,259546
6602,260081
6603,165206
6604,149783
6605,60979
6606,149429
6607,61925
6608,71601
6609,71860
6610,62023
6611,51657
6612,61127
6613,258740
6614,61449
6615,71369
6616,165519
6617,61040
6618,246049
6619,61693
6620,62244
6621,164081
6622,63151
6623,61172
6624,62867
6625,61277
6626,163907
6627,179715
6628,71376
6629,164259
6630,72555
6631,258758
6632,149680
6633,62815
6634,50451
6635,180116
6636,71293
6637,70610
6638,179509
6639,51197
6640,72702
6641,71203
6642,50540
6643,61045
6644,165288
6645,270925
6646,165256
6647,72492
6648,62917
6649,163939
6650,61207
6651,63135
6652,163984
6653,51750
6654,164701
6655,63056
6656,165014
6657,259682
6658,259932
6659,271341
6660,163937
6661,180623
6662,62484
6663,271396
6664,179929
6665,245926
6666,164646
6667,62780
6668,71077
6669,71500
6670,179487
6671,51939
6672,179174
6673,149012
6674,61724
6675,50990
6676,259944
6677,165588
6678,71651
6679,73193
6680,60977
6681,258948
6682,245895
6683,164593
6684,260069
6685,62331
6686,60773
6687,149841
6688,61185
6689,70876
6690,71041
6691,149613
6692,271340
6693,246162
6694,61520
6695,271294
6696,259415
6697,149395
6698,164948
6699,50011
6700,259542
6701,260056
6702,164576
6703,62947
6704,148865
6705,165382
6706,51029
6707,164202
6708,179681
6709,51586
6710,62790
6711,71498
6712,259750
6713,259221
6714,271284
6715,149604
6716,62163
6717,61215
6718,165409
6719,72316
6720,148954
6721,51216
6722,270945
6723,51680
6724,179274
6725,246754
6726,164548
6727,259156
6728,60787
6729,60953
6730,62769
6731,50863
6732,259723
6733,62247
6734,150606
6735,50373
6736,50125
6737,164315
6738,148931
6739,271217
6740,62339
6741,51274
6742,70819
6743,71170
6744,62415
6745,60723
6746,180128
6747,61616
6748,259117
6749,179875
6750,164619
6751,245966
6752,150431
6753,149490
6754,72362
6755,259118
6756,259119
6757,246496
6758,165462
6759,259394
6760,164029
6761,246714
6762,149212
6763,246678
6764,149516
6765,180819
6766,165359
6767,246425
6768,150585
6769,164338
6770,70687
6771,150249
6772,71089
6773,50859
6774,72086
6775,246226
6776,72594
6777,63111
6778,70771
6779,180318
6780,71007
6781,165199
6782,71725
6783,70638
6784,61840
6785,71117
6786,50438
6787,71633
6788,61316
6789,71729
6790,62387
6791,259345
6792,61550
6793,71964
6794,149446
6795,246683
6796,246554
6797,149655
6798,259593
6799,71757
6800,271906
6801,271934
6802,62165
6803,259545
6804,164587
6805,164568
6806,271214
6807,71514
6808,51641
6809,246158
6810,70689
6811,51048
6812,180574
6813,164569
6814,51057
6815,259643
6816,258981
6817,73051
6818,73011
6819,72891
6820,259260
6821,149571
6822,164055
6823,180722
6824,180941
6825,149045
6826,259461
6827,165203
6828,164742
6829,246489
6830,246717
6831,63140
6832,164407
6833,164073
6834,246651
6835,61498
6836,149754
6837,71443
6838,61002
6839,62425
6840,50688
6841,70734
6842,72569
6843,72199
6844,51398
6845,61494
6846,50655
6847,72908
6848,70979
6849,245844
6850,149589
6851,259974
6852,50517
6853,71194
6854,72371
6855,70903
6856,180953
6857,50145
6858,150242
6859,51771
6860,247007
6861,71818
6862,51814
6863,181008
6864,72294
6865,71038
6866,271745
6867,271311
6868,51081
6869,271962
6870,165246
6871,149340
6872,72998
6873,49980
6874,70619
6875,150245
6876,50147
6877,180974
6878,50573
6879,180235
6880,164906
6881,245957
6882,51098
6883,163960
6884,247150
6885,149111
6886,179997
6887,180680
6888,164605
6889,149350
6890,259503
6891,50853
6892,163948
6893,271173
6894,246862
6895,164520
6896,180810
6897,271638
6898,165426
6899,70757
6900,62552
6901,71986
6902,247070
6903,73037
6904,72443
6905,165251
6906,150067
6907,50690
6908,60957
6909,149355
6910,258861
6911,61095
6912,164289
6913,258826
6914,258686
6915,61608
6916,71249
6917,180510
6918,164491
6919,149384
6920,51368
6921,179765
6922,271473
6923,271598
6924,71156
6925,71917
6926,49957
6927,51055
6928,246945
6929,271774
6930,150575
6931,71481
6932,60775
6933,181090
6934,247093
6935,51341
6936,245932
6937,71377
6938,271062
6939,179218
6940,150255
6941,72035
6942,60799
6943,49998
6944,149150
6945,164372
6946,179964
6947,51499
6948,72752
6949,51886
6950,259254
6951,246921
6952,50764
6953,259248
6954,165465
6955,246251
6956,149708
6957,70630
6958,71535
6959,180720
6960,51805
6961,245848
6962,150461
6963,72377
6964,51473
6965,259733
6966,180931
6967,150011
6968,70871
6969,72567
6970,180414
6971,50566
6972,271359
6973,179663
6974,179286
6975,246822
6976,62922
6977,271990
6978,71129
6979,72566
6980,50266
6981,71211
6982,51588
6983,71709
6984,149100
6985,271355
6986,179846
6987,164643
6988,72948
6989,71936
6990,51360
6991,259600
6992,260068
6993,271989
6994,149714
6995,245870
6996,50099
6997,51987
6998,50233
6999,149624
7000,271188
7001,71560
7002,50794
7003,259589
7004,70724
7005,71146
7006,179868
7007,179314
7008,165351
7009,72720
7010,60772
7011,62431
7012,179852
7013,150212
7014,50662
7015,258723
7016,247031
7017,150162
7018,180044
7019,61743
7020,246137
7021,270899
7022,51362
7023,50748
7024,246809
7025,165416
7026,51937
7027,148981
7028,149459
7029,61117
7030,149435
7031,259825
7032,51351
7033,148982
7034,51430
7035,51193
7036,150614
7037,71595
7038,61956
7039,271258
7040,164953
7041,164277
7042,246185
7043,72728
7044,180831
7045,245941
7046,259773
7047,52054
7048,51910
7049,164265
7050,258678
7051,180156
7052,50437
7053,271954
7054,149122
7055,148884
7056,165437
7057,271428
7058,179279
7059,72369
7060,179311
7061,71335
7062,70890
7063,164739
7064,150356
7065,62062
7066,50333
7067,71433
7068,52038
7069,60812
7070,259495
7071,61106
7072,70810
7073,246091
7074,149510
7075,260045
7076,164151
7077,247139
7078,70758
7079,61871
7080,62392
7081,61124
7082,61524
7083,180446
7084,51951
7085,246972
7086,71454
7087,246778
7088,259986
7089,271909
7090,61064
7091,179974
7092,62851
7093,51890
7094,51404
7095,63181
7096,179513
7097,149420
7098,181064
7099,149133
7100,50418
7101,149957
7102,150618
7103,149543
7104,63131
7105,51424
7106,149386
7107,70958
7108,164566
7109,51067
7110,149421
7111,246145
7112,271153
7113,63073
7114,60884
7115,246391
7116,72019
7117,72899
7118,71683
7119,62830
7120,164396
7121,61357
7122,61231
7123,50618
7124,51741
7125,150277
7126,72318
7127,247089
7128,71485
7129,72829
7130,179349
7131,271619
7132,150166
7133,61823
7134,180232
7135,165301
7136,270979
7137,71479
7138,163949
7139,50150
7140,164987
7141,61880
7142,164704
7143,259387
7144,71598
7145,179915
7146,49945
7147,73085
7148,148887
7149,62526
7150,149036
7151,61572
7152,72264
7153,72954
7154,61355
7155,149924
7156,259111
7157,49907
7158,62925
7159,271075
7160,72447
7161,72094
7162,164727
7163,149933
7164,271186
7165,60844
7166,165585
7167,180841
7168,271297
7169,61236
7170,271353
7171,72172
7172,164471
7173,181103
7174,60845
7175,72201
7176,72685
7177,247146
7178,246955
7179,71254
7180,164154
7181,62766
7182,246246
7183,180379
7184,180732
7185,150189
7186,164845
7187,246056
7188,51648
7189,180362
7190,71035
7191,149903
7192,164230
7193,62866
7194,61435
7195,164608
7196,51410
7197,150452
7198,61388
7199,149481
7200,61453
7201,50666
7202,246533
7203,165095
7204,165057
7205,50461
7206,164174
7207,165559
7208,62017
7209,179480
7210,179717
7211,149330
7212,271916
7213,62365
7214,62638
7215,259588
7216,51163
7217,179980
7218,259500
7219,246212
7220,72444
7221,180666
7222,72402
7223,49941
7224,61786
7225,271509
7226,61745
7227,245942
7228,51563
7229,271216
7230,62315
7231,149270
7232,150368
7233,149581
7234,271268
7235,179228
7236,271310
7237,150604
7238,61016
7239,149451
7240,149287
7241,163972
7242,150443
7243,51461
7244,72623
7245,165047
7246,71754
7247,259304
7248,50243
7249,60847
7250,271049
7251,61525
7252,149187
7253,63139
7254,62809
7255,259522
7256,61516
7257,164409
7258,62022
7259,71239
7260,70707
7261,180141
7262,72922
7263,246435
7264,260106
7265,247181
7266,246189
7267,60916
7268,247194
7269,50358
7270,180507
7271,180558
7272,179186
7273,271446
7274,259122
7275,61335
7276,246451
7277,61354
7278,164890
7279,73050
7280,51626
7281,51817
7282,51483
7283,71333
7284,246786
7285,72419
7286,179724
7287,180248
7288,62282
7289,51740
7290,180894
7291,51578
7292,62702
7293,60846
7294,62929
7295,61219
7296,246245
7297,164873
7298,73003
7299,271334
7300,50276
7301,272027
7302,149619
7303,50661
7304,259607
7305,71256
7306,61641
7307,180030
7308,179887
7309,62178
7310,180667
7311,180028
7312,71427
7313,271161
7314,70875
7315,71274
7316,246695
7317,72138
7318,51327
7319,150101
7320,259690
7321,51455
7322,271058
7323,71081
7324,164255
7325,71793
7326,259176
7327,179152
7328,150417
7329,271889
7330,179743
7331,163940
7332,271754
7333,272010
7334,271320
7335,150274
7336,245845
7337,50553
7338,271376
7339,62510
7340,271210
7341,270914
7342,149721
7343,71568
7344,271668
7345,179963
7346,62521
7347,51038
7348,61058
7349,179483
7350,72712
7351,62336
7352,180083
7353,73076
7354,179381
7355,271114
7356,72700
7357,150549
7358,259755
7359,60806
7360,165503
7361,72215
7362,50158
7363,62588
7364,271556
7365,73139
7366,164374
7367,71552
7368,150564
7369,71843
7370,72012
7371,149603
7372,62861
7373,50938
7374,149461
7375,247217
7376,61021
7377,164326
7378,246990
7379,180450
7380,71845
7381,71110
7382,164193
7383,179176
7384,62182
7385,271511
7386,72884
7387,72441
7388,149466
7389,51922
7390,61144
7391,259614
7392,271559
7393,70632
7394,62326
7395,73056
7396,72364
7397,260058
7398,247173
7399,61952
7400,246228
7401,50316
7402,50974
7403,71587
7404,73190
7405,271988
7406,271565
7407,259925
7408,246784
7409,72979
7410,61137
7411,72802
7412,180863
7413,70974
7414,246810
7415,271495
7416,164963
7417,246505
7418,271427
7419,71270
7420,71739
7421,165250
7422,150017
7423,179463
7424,246828
7425,62956
7426,51175
7427,62658
7428,165558
7429,149812
7430,246339
7431,51577
7432,246765
7433,149028
7434,63030
7435,149252
7436,51544
7437,149124
7438,149456
7439,165184
7440,246510
7441,165266
7442,270930
7443,246060
7444,164950
7445,61322
7446,165494
7447,71544
7448,71224
7449,164342
7450,164732
7451,50004
7452,51823
7453,179613
7454,247193
7455,70703
7456,51894
7457,259618
7458,164992
7459,165089
7460,179669
7461,62465
7462,72062
7463,52093
7464,164363
7465,51305
7466,150568
7467,165210
7468,165448
7469,51978
7470,163990
7471,259264
7472,164606
7473,181089
7474,72302
7475,51507
7476,246898
7477,179293
7478,272022
7479,50448
7480,71368
7481,179570
7482,259048
7483,259754
7484,149337
7485,51901
7486,60946
7487,50401
7488,164483
7489,259872
7490,180673
7491,63158
7492,62587
7493,148929
7494,61119
7495,259508
7496,70920
7497,180171
7498,149631
7499,62187
7500,61599
7501,149366
7502,271465
7503,246549
7504,165032
7505,71304
7506,72928
7507,51241
7508,165059
7509,180705
7510,50139
7511,258755
7512,72549
7513,63170
7514,50712
7515,247059
7516,270969
7517,179456
7518,72061
7519,50929
7520,165052
7521,50848
7522,259582
7523,72811
7524,259131
7525,62056
7526,149810
7527,165192
7528,259275
7529,164234
7530,149679
7531,51727
7532,247219
7533,150097
7534,62061
7535,70778
7536,246400
7537,62806
7538,258746
7539,61812
7540,164740
7541,271174
7542,73146
7543,164171
7544,71918
7545,260080
7546,150530
7547,165340
7548,258788
7549,72952
7550,180240
7551,71630
7552,51295
7553,62533
7554,246291
7555,51678
7556,258865
7557,61425
7558,61617
7559,51811
7560,71394
7561,246669
7562,180694
7563,164273
7564,180486
7565,271575
7566,71327
7567,72003
7568,71262
7569,259951
7570,164256
7571,62129
7572,271264
7573,247068
7574,52062
7575,165178
7576,271036
7577,150386
7578,50237
7579,179754
7580,271290
7581,164613
7582,49996
7583,61289
7584,164808
7585,51767
7586,70901
7587,164208
7588,70955
7589,50569
7590,180862
7591,61507
7592,150266
7593,62153
7594,73017
7595,71313
7596,245912
7597,246068
7598,51346
7599,259499
7600,50766
7601,165410
7602,272007
7603,179243
7604,180612
7605,271367
7606,163931
7607,180166
7608,52095
7609,259521
7610,164981
7611,72277
7612,61237
7613,71301
7614,60896
7615,70946
7616,62364
7617,62950
7618,73121
7619,50510
7620,149462
7621,51333
7622,61341
7623,259258
7624,271100
7625,259146
7626,62092
7627,51388
7628,259628
7629,72715
7630,271719
7631,71672
7632,149578
7633,164521
7634,164236
7635,52020
7636,71382
7637,62529
7638,72796
7639,246309
7640,148908
7641,72307
7642,72366
7643,271513
7644,260110
7645,148996
7646,179653
7647,260027
7648,179879
7649,62714
7650,72103
7651,51537
7652,51058
7653,49951
7654,148939
7655,165056
7656,72181
7657,150561
7658,180633
7659,180042
7660,179465
7661,50345
7662,62528
7663,180939
7664,71992
7665,72129
7666,62200
7667,180284
7668,51209
7669,72363
7670,164909
7671,61326
7672,271847
7673,271048
7674,164615
7675,259160
7676,180026
7677,70798
7678,50180
7679,164983
7680,271097
7681,259039
7682,50898
7683,71107
7684,271369
7685,148948
7686,72324
7687,62126
7688,150217
7689,50621
7690,180616
7691,259779
7692,247202
7693,51984
7694,179365
7695,51233
7696,62810
7697,70645
7698,49986
7699,259256
7700,259642
7701,70996
7702,149540
7703,61493
7704,271674
7705,271205
7706,60761
7707,71143
7708,180009
7709,150597
7710,61129
7711,271300
7712,271493
7713,149875
7714,271237
7715,247163
7716,270952
7717,180371
7718,181124
7719,164307
7720,271773
7721,72721
7722,258799
7723,270920
7724,51557
7725,150444
7726,259806
7727,247015
7728,165083
7729,259923
7730,70613
7731,72602
7732,50104
7733,164147
7734,72676
7735,51542
7736,246960
7737,149414
7738,245921
7739,62558
7740,180132
7741,246324
7742,179784
7743,62793
7744,180491
7745,258729
7746,150429
7747,70957
7748,72788
7749,165541
7750,271456
7751,246101
7752,179892
7753,246030
7754,259377
7755,149345
7756,62290
7757,71237
7758,51606
7759,50674
7760,61800
7761,149650
7762,61964
7763,165438
7764,149180
7765,164033
7766,61974
7767,149666
7768,61522
7769,70842
7770,165299
7771,149563
7772,271660
7773,165073
7774,246376
7775,150130
7776,180994
7777,179130
7778,62892
7779,271356
7780,62445
7781,62181
7782,71273
7783,164603
7784,72335
7785,164964
7786,271481
7787,259099
7788,247100
7789,165016
7790,60797
7791,259422
7792,180703
7793,62660
7794,149984
7795,271117
7796,149365
7797,180651
7798,61780
7799,164092
7800,259813
7801,73036
7802,165248
7803,165243
7804,51783
7805,50375
7806,179124
7807,72863
7808,258687
7809,245959
7810,149608
7811,60821
7812,49922
7813,51868
7814,180654
7815,51321
7816,62822
7817,73151
7818,270929
7819,259534
7820,164979
7821,165185
7822,72732
7823,164160
7824,150506
7825,260050
7826,164466
7827,259796
7828,70928
7829,72389
7830,271487
7831,180319
7832,271766
7833,259419
7834,62731
7835,62145
7836,71234
7837,247190
7838,259027
7839,73082
7840,71669
7841,271308
7842,51627
7843,63123
7844,181009
7845,73114
7846,259583
7847,165033
7848,71883
7849,180664
7850,62755
7851,179803
7852,50317
7853,50949
7854,260009
7855,259094
7856,246308
7857,180165
7858,60768
7859,71055
7860,149872
7861,50797
7862,60901
7863,150247
7864,259559
7865,50501
7866,180518
7867,71738
7868,165456
7869,61814
7870,72210
7871,71553
7872,62374
7873,73122
7874,271729
7875,165238
7876,246499
7877,164370
7878,259416
7879,71652
7880,272028
7881,164068
7882,51267
7883,164559
7884,149160
7885,72981
7886,163912
7887,63124
7888,149301
7889,50520
7890,50193
7891,51965
7892,165399
7893,50328
7894,259808
7895,180435
7896,258693
7897,180975
7898,259954
7899,62388
7900,61787
7901,62977
7902,247060
7903,271658
7904,271873
7905,73028
7906,246285
7907,259814
7908,71417
7909,259281
7910,63069
7911,271515
7912,50404
7913,259620
7914,62120
7915,149019
7916,150282
7917,259564
7918,271011
7919,259211
7920,60989
7921,62979
7922,72286
7923,150623
7924,259036
7925,51133
7926,61934
7927,49970
7928,259465
7929,179363
7930,72117
7931,271171
7932,149021
7933,72154
7934,61109
7935,259988
7936,61684
7937,50769
7938,61951
7939,51206
7940,150139
7941,246354
7942,149311
7943,270913
7944,271432
7945,71895
7946,73249
7947,164120
7948,72633
7949,72115
7950,179878
7951,50140
7952,149062
7953,179290
7954,271055
7955,259783
7956,61862
7957,179721
7958,259765
7959,62978
7960,165496
7961,164187
7962,71875
7963,62232
7964,245916
7965,164470
7966,165529
7967,62776
7968,165318
7969,149954
7970,164270
7971,51142
7972,271333
7973,72275
7974,52065
7975,245864
7976,260064
7977,164626
7978,52084
7979,73131
7980,60954
7981,180686
7982,72273
7983,61120
7984,150338
7985,259624
7986,72058
7987,60926
7988,61564
7989,51975
7990,62428
7991,246672
7992,70670
7993,72950
7994,165475
7995,150083
7996,51273
7997,181049
7998,62733
7999,246885
8000,50932
8001,181099
8002,179163
8003,50656
8004,258858
8005,179912
8006,61228
8007,62375
8008,164908
8009,61915
8010,51807
8011,165380
8012,270940
8013,62059
8014,50242
8015,258750
8016,149294
8017,165308
8018,72114
8019,62847
8020,149261
8021,72969
8022,271540
8023,179508
8024,259993
8025,72677
8026,50483
8027,51756
8028,150470
8029,61818
8030,259539
8031,164053
8032,51028
8033,179318
8034,52034
8035,164661
8036,164485
8037,70938
8038,60981
8039,271245
8040,50612
8041,149296
8042,271824
8043,61600
8044,149926
8045,259200
8046,270999
8047,72738
8048,50175
8049,73108
8050,150227
8051,271757
8052,260000
8053,62432
8054,72330
8055,150185
8056,72573
8057,51820
8058,259821
8059,150113
8060,71981
8061,52105
8062,72779
8063,51454
8064,164599
8065,149154
8066,51003
8067,270904
8068,61397
8069,164261
8070,50592
8071,271006
8072,71736
8073,51621
8074,71567
8075,163961
8076,62698
8077,270992
8078,71906
8079,259885
8080,271034
8081,150031
8082,180538
8083,71357
8084,149388
8085,51730
8086,60856
8087,180228
8088,71389
8089,72097
8090,72340
8091,61107
8092,179499
8093,259975
8094,149904
8095,271158
8096,50793
8097,164382
8098,72507
8099,149347
8100,71713
8101,163944
8102,259057
8103,150090
8104,179752
8105,61890
8106,179792
8107,71577
8108,149522
8109,246827
8110,149417
8111,258969
8112,148883
8113,180672
8114,259626
8115,258751
8116,149404
8117,51838
8118,247020
8119,246923
8120,149567
8121,272034
8122,271227
8123,271794
8124,50257
8125,51673
8126,180656
8127,61460
8128,72478
8129,72521
8130,71962
8131,179827
8132,246697
8133,164212
8134,50286
8135,179281
8136,51495
8137,70765
8138,71863
8139,73236
8140,259830
8141,63019
8142,180878
8143,51478
8144,62718
8145,150532
8146,71429
8147,73170
8148,71687
8149,164416
8150,50188
8151,258971
8152,60818
8153,50101
8154,150134
8155,163906
8156,61395
8157,149479
8158,179701
8159,259771
8160,71973
8161,149189
8162,179226
8163,50477
8164,60789
8165,71280
8166,62487
8167,72508
8168,148923
8169,150467
8170,259502
8171,72974
8172,63144
8173,51037
8174,61832
8175,72297
8176,61742
8177,61229
8178,179854
8179,165160
8180,70708
8181,70882
8182,180029
8183,163934
8184,71602
8185,61075
8186,62471
8187,62601
8188,61265
8189,50488
8190,149987
8191,246826
8192,164916
8193,164537
8194,247214
8195,62237
8196,164044
8197,73211
8198,246340
8199,72108
8200,50713
8201,60903
8202,247066
8203,71829
8204,62089
8205,62098
8206,150468
8207,150055
8208,164876
8209,179307
8210,51711
8211,179396
8212,164418
8213,259043
8214,51679
8215,72202
8216,246327
8217,179999
8218,149178
8219,61294
8220,150451
8221,70824
8222,72907
8223,165324
8224,271935
8225,259356
8226,258760
8227,179597
8228,259987
8229,259878
8230,62789
8231,71850
8232,50434
8233,61160
8234,62871
8235,71717
8236,259594
8237,258949
8238,62332
8239,71190
8240,71864
8241,149061
8242,179895
8243,51269
8244,149890
8245,50567
8246,164110
8247,180327
8248,246897
8249,179718
8250,258776
8251,164690
8252,259604
8253,260037
8254,180839
8255,52061
8256,52025
8257,180688
8258,72472
8259,247211
8260,271704
8261,258966
8262,62094
8263,51035
8264,259630
8265,180288
8266,60838
8267,246684
8268,148898
8269,180909
8270,50796
8271,73210
8272,149898
8273,72589
8274,149910
8275,72842
8276,164394
8277,259082
8278,62223
8279,179741
8280,71985
8281,180610
8282,165166
8283,179434
8284,61657
8285,72409
8286,247142
8287,180093
8288,246998
8289,270950
8290,179268
8291,70896
8292,271388
8293,50305
8294,245958
8295,150353
8296,247003
8297,150035
8298,179682
8299,247094
8300,150140
8301,149992
8302,72810
8303,72540
8304,165222
8305,149318
8306,259250
8307,165306
8308,50810
8309,50042
8310,180223
8311,70650
8312,259296
8313,50650
8314,271147
8315,61399
8316,71113
8317,72142
8318,164534
8319,149116
8320,259196
8321,73100
8322,52041
8323,259390
8324,247074
8325,179812
8326,62261
8327,271109
8328,150018
8329,149795
8330,50657
8331,61424
8332,179258
8333,271497
8334,164502
8335,62172
8336,51765
8337,149614
8338,73200
8339,61096
8340,149815
8341,51128
8342,51797
8343,258761
8344,73008
8345,71979
8346,62627
8347,61028
8348,149498
8349,149983
8350,149831
8351,62525
8352,180272
8353,62346
8354,60754
8355,51662
8356,181065
8357,246780
8358,73156
8359,70889
8360,149685
8361,246448
8362,149787
8363,63109
8364,246210
8365,246277
8366,51369
8367,71555
8368,271764
8369,259442
8370,179372
8371,61744
8372,259022
8373,51698
8374,51248
8375,71024
8376,247154
8377,259596
8378,72046
8379,62069
8380,50856
8381,50352
8382,149713
8383,50459
8384,61386
8385,71405
8386,71911
8387,259897
8388,180739
8389,164717
8390,61896
8391,51431
8392,149493
8393,164693
8394,62091
8395,180794
8396,71164
8397,180338
8398,51993
8399,51585
8400,259332
8401,163922
8402,180467
8403,165471
8404,164882
8405,180407
8406,71003
8407,51516
8408,180161
8409,271272
8410,73052
8411,60746
8412,271008
8413,149873
8414,179451
8415,181057
8416,63133
8417,51737
8418,245923
8419,61581
8420,246556
8421,149643
8422,63038
8423,179796
8424,180858
8425,150584
8426,61994
8427,72869
8428,245964
8429,259918
8430,271977
8431,71439
8432,180690
8433,70800
8434,164386
8435,72064
8436,270876
8437,51493
8438,51284
8439,72120
8440,180088
8441,270870
8442,150344
8443,50009
8444,62633
8445,246787
8446,258933
8447,179650
8448,61795
8449,245929
8450,246149
8451,50294
8452,62402
8453,149534
8454,62176
8455,179251
8456,180488
8457,149457
8458,164445
8459,71758
8460,271068
8461,164662
8462,149676
8463,247050
8464,246446
8465,246113
8466,61455
8467,164309
8468,63156
8469,179519
8470,271800
8471,63162
8472,149125
8473,51312
8474,259339
8475,180021
8476,71593
8477,259409
8478,271398
8479,179769
8480,259398
8481,62556
8482,259776
8483,271631
8484,271198
8485,271309
8486,62514
8487,180598
8488,51977
8489,180872
8490,164498
8491,51289
8492,71399
8493,246494
8494,63177
8495,260085
8496,271192
8497,164272
8498,51654
8499,150155
8500,72809
8501,246325
8502,63072
8503,50918
8504,179872
8505,259689
8506,165491
8507,71839
8508,180295
8509,50525
8510,60850
8511,51782
8512,149279
8513,61284
8514,62420
8515,271937
8516,179677
8517,164677
8518,165197
8519,260065
8520,61225
8521,73015
8522,179989
8523,271017
8524,150480
8525,245878
8526,61898
8527,61230
8528,164086
8529,247170
8530,259153
8531,179807
8532,52055
8533,149627
8534,165209
8535,258762
8536,246623
8537,60958
8538,179907
8539,259565
8540,61383
8541,60738
8542,61643
8543,51281
8544,271841
8545,72133
8546,259486
8547,164813
8548,62444
8549,163900
8550,70865
8551,73220
8552,61824
8553,180923
8554,270917
8555,71104
8556,258859
8557,180808
8558,180383
8559,164770
8560,60743
8561,180961
8562,63153
8563,50460
8564,270977
8565,71474
8566,50864
8567,72191
8568,247011
8569,50944
8570,259088
8571,61320
8572,71945
8573,165556
8574,73013
8575,51490
8576,259299
8577,61330
8578,150106
8579,60920
8580,149901
8581,50490
8582,71542
8583,246079
8584,150222
8585,62041
8586,62082
8587,165394
8588,180258
8589,271156
8590,72126
8591,179849
8592,61073
8593,60862
8594,72973
8595,164371
8596,180089
8597,72427
8598,165110
8599,61527
8600,71569
8601,246843
8602,150317
8603,181052
8604,50995
8605,164648
8606,150044
8607,70662
8608,180086
8609,165516
8610,179633
8611,165436
8612,246045
8613,70611
8614,246887
8615,259860
8616,180519
8617,71686
8618,180480
8619,246868
8620,180332
8621,61773
8622,180714
8623,179247
8624,180229
8625,71121
8626,150531
8627,70963
8628,62831
8629,180260
8630,62224
8631,51708
8632,148901
8633,71880
8634,71277
8635,70980
8636,50900
8637,246557
8638,72958
8639,149808
8640,50681
8641,180935
8642,73225
8643,60784
8644,180643
8645,61849
8646,71802
8647,271047
8648,179283
8649,72612
8650,259619
8651,61492
8652,180471
8653,179900
8654,150014
8655,62941
8656,179924
8657,50909
8658,72996
8659,72986
8660,149648
8661,149611
8662,181046
8663,49959
8664,61014
8665,72546
8666,164376
8667,62958
8668,72768
8669,50791
8670,246993
8671,259851
8672,164018
8673,149068
8674,271067
8675,62833
8676,73001
8677,149800
8678,51791
8679,51307
8680,246013
8681,180631
8682,165369
8683,50181
8684,71681
8685,163968
8686,180202
8687,246620
8688,62291
8689,259644
8690,50669
8691,63068
8692,180299
8693,70914
8694,149373
8695,71145
8696,245972
8697,180064
8698,471402
8699,463600
8700,482223
8701,463550
8702,481908
8703,458010
8704,481048
8705,463955
8706,471357
8707,486415
8708,481285
8709,481135
8710,481436
8711,471295
8712,458106
8713,482142
8714,471026
8715,482128
8716,482056
8717,471034
8718,463771
8719,482097
8720,475798
8721,463400
8722,485975
8723,470900
8724,481902
8725,486067
8726,481143
8727,475951
8728,470869
8729,476220
8730,486267
8731,463812
8732,486318
8733,463160
8734,476168
8735,471326
8736,481725
8737,481984
8738,486458
8739,470987
8740,463605
8741,464018
8742,471083
8743,463164
8744,480991
8745,463804
8746,481299
8747,486488
8748,470842
8749,463661
8750,476080
8751,463758
8752,481874
8753,471233
8754,476228
8755,485926
8756,463917
8757,463269
8758,486177
8759,481927
8760,476150
8761,471071
8762,457967
8763,458061
8764,486374
8765,481528
8766,457784
8767,463401
8768,481510
8769,486378
8770,471172
8771,481630
8772,475977
8773,475850
8774,463763
8775,485938
8776,471044
8777,463397
8778,476344
8779,464057
8780,475831
8781,476190
8782,457568
8783,463375
8784,481590
8785,476100
8786,475999
8787,471299
8788,480999
8789,464011
8790,475809
8791,470934
8792,482061
8793,481454
8794,481895
8795,457763
8796,457725
8797,463073
8798,486244
8799,481631
8800,457890
8801,463753
8802,471395
8803,463510
8804,486349
8805,463176
8806,463883
8807,470846
8808,457902
8809,458218
8810,481910
8811,486272
8812,475954
8813,458270
8814,486149
8815,481142
8816,471095
8817,486301
8818,475944
8819,471148
8820,463988
8821,458345
8822,463424
8823,481455
8824,476253
8825,481626
8826,486430
8827,476199
8828,458019
8829,457760
8830,471108
8831,481069
8832,476078
8833,480980
8834,458200
8835,471169
8836,481928
8837,476158
8838,471723
8839,476339
8840,481963
8841,476003
8842,471667
8843,481659
8844,481732
8845,457685
8846,486302
8847,458346
8848,458021
8849,481214
8850,458355
8851,471314
8852,463669
8853,481668
8854,481537
8855,486062
8856,471028
8857,481665
8858,471594
8859,476052
8860,486406
8861,481577
8862,482058
8863,463293
8864,471747
8865,457981
8866,463304
8867,481565
8868,457630
8869,457997
8870,457832
8871,458254
8872,475841
8873,457682
8874,458364
8875,481305
8876,486021
8877,482081
8878,470902
8879,486399
8880,457655
8881,476038
8882,475937
8883,481509
8884,481500
8885,481377
8886,481563
8887,463078
8888,481102
8889,463431
8890,457945
8891,471529
8892,486396
8893,481084
8894,457852
8895,463353
8896,457756
8897,486387
8898,482002
8899,475936
8900,463653
8901,462999
8902,486459
8903,463741
8904,482174
8905,463563
8906,463408
8907,481622
8908,458145
8909,470836
8910,481547
8911,457592
8912,471211
8913,471559
8914,457696
8915,457795
8916,485967
8917,481185
8918,475993
8919,470962
8920,476018
8921,481262
8922,486335
8923,481505
8924,457618
8925,475785
8926,481435
8927,475889
8928,481367
8929,476120
8930,486202
8931,457904
8932,475854
8933,457665
8934,471047
8935,463590
8936,457632
8937,464062
8938,481209
8939,471240
8940,458174
8941,471345
8942,471392
8943,457611
8944,463770
8945,481074
8946,458083
8947,471587
8948,475892
8949,480951
8950,471698
8951,471205
8952,476016
8953,463775
8954,476361
8955,470875
8956,476353
8957,471648
8958,481512
8959,463695
8960,486285
8961,486511
8962,482171
8963,481562
8964,457716
8965,457846
8966,463487
8967,463670
8968,463405
8969,458226
8970,486248
8971,486199
8972,457979
8973,481983
8974,476299
8975,471235
8976,480983
8977,470871
8978,482017
8979,482231
8980,464038
8981,481942
8982,486501
8983,471541
8984,463246
8985,457893
8986,458223
8987,457833
8988,471094
8989,471732
8990,486354
8991,486518
8992,476427
8993,471146
8994,471197
8995,476380
8996,481796
8997,463479
8998,471315
8999,458279
9000,463583
9001,471318
9002,463892
9003,481029
9004,476179
9005,481280
9006,457929
9007,463202
9008,458092
9009,457617
9010,463448
9011,463326
9012,476438
9013,471611
9014,481139
9015,481854
9016,471008
9017,475911
9018,464059
9019,471290
9020,463280
9021,481553
9022,476330
9023,471325
9024,476409
9025,463609
9026,458281
9027,458098
9028,470856
9029,476363
9030,471007
9031,471328
9032,481550
9033,480964
9034,476085
9035,457822
9036,457927
9037,457874
9038,481857
9039,462987
9040,481202
9041,481656
9042,463581
9043,458043
9044,475793
9045,458151
9046,463937
9047,470920
9048,481482
9049,486173
9050,476037
9051,457827
9052,458360
9053,464017
9054,482084
9055,486064
9056,458334
9057,471609
9058,481128
9059,463292
9060,476284
9061,463733
9062,481755
9063,463786
9064,486484
9065,458215
9066,463422
9067,481845
9068,482207
9069,470949
9070,463558
9071,471693
9072,471012
9073,475958
9074,476403
9075,471419
9076,482157
9077,481568
9078,476428
9079,457951
9080,481173
9081,481480
9082,471399
9083,476277
9084,470979
9085,482025
9086,486088
9087,482110
9088,471086
9089,476122
9090,458230
9091,480998
9092,471227
9093,481458
9094,463223
9095,481503
9096,471112
9097,463783
9098,486171
9099,463187
9100,481898
9101,457866
9102,463184
9103,458357
9104,481073
9105,463060
9106,471145
9107,481801
9108,471333
9109,481007
9110,470961
9111,463118
9112,457994
9113,486429
9114,476331
9115,463987
9116,475826
9117,486479
9118,471471
9119,486424
9120,481233
9121,481951
9122,486259
9123,476111
9124,475814
9125,481009
9126,471699
9127,463363
9128,463298
9129,481363
9130,481369
9131,486110
9132,458221
9133,486216
9134,471531
9135,481711
9136,485984
9137,482199
9138,481460
9139,471401
9140,486513
9141,463823
9142,476098
9143,486161
9144,463849
9145,476171
9146,458238
9147,458390
9148,471021
9149,463372
9150,463922
9151,471107
9152,476249
9153,463106
9154,457747
9155,481013
9156,481666
9157,463008
9158,458286
9159,463617
9160,481892
9161,481606
9162,481405
9163,482121
9164,471411
9165,481194
9166,481463
9167,457709
9168,476142
9169,471516
9170,463820
9171,481748
9172,476178
9173,476109
9174,481355
9175,481691
9176,481791
9177,482243
9178,464020
9179,458358
9180,476384
9181,481925
9182,481566
9183,485951
9184,463932
9185,481370
9186,476186
9187,475985
9188,463668
9189,463657
9190,470855
9191,463333
9192,463055
9193,476262
9194,485962
9195,458219
9196,482010
9197,464054
9198,471474
9199,457683
9200,482075
9201,481091
9202,471311
9203,463173
9204,476017
9205,481762
9206,481409
9207,463344
9208,471073
9209,471119
9210,481184
9211,486365
9212,486337
9213,481261
9214,457690
9215,457937
9216,471174
9217,476251
9218,458172
9219,486347
9220,481819
9221,471278
9222,481278
9223,471250
9224,481141
9225,471565
9226,463697
9227,481797
9228,481911
9229,481638
9230,481594
9231,481471
9232,458124
9233,481530
9234,476430
9235,463183
9236,457970
9237,475861
9238,463319
9239,481241
9240,476167
9241,463491
9242,475913
9243,471691
9244,486052
9245,457691
9246,481265
9247,475926
9248,463350
9249,457607
9250,481766
9251,458309
9252,463456
9253,471084
9254,476298
9255,463688
9256,486373
9257,481620
9258,475795
9259,486521
9260,481317
9261,486323
9262,481935
9263,471725
9264,486028
9265,458185
9266,463536
9267,481212
9268,476240
9269,464008
9270,486242
9271,463537
9272,457719
9273,457785
9274,471182
9275,481948
9276,470988
9277,457835
9278,471304
9279,481813
9280,486296
9281,463819
9282,463478
9283,457714
9284,470955
9285,481717
9286,481502
9287,481742
9288,463308
9289,475816
9290,481075
9291,486215
9292,457820
9293,471457
9294,458194
9295,463220
9296,471515
9297,486034
9298,482166
9299,457826
9300,471064
9301,486031
9302,457584
9303,481198
9304,486189
9305,471277
9306,476226
9307,482092
9308,480961
9309,458191
9310,486093
9311,486123
9312,482201
9313,485924
9314,481865
9315,463885
9316,470880
9317,476312
9318,475976
9319,476025
9320,486207
9321,463542
9322,463909
9323,458044
9324,476373
9325,463878
9326,481010
9327,486320
9328,481952
9329,463077
9330,458292
9331,471704
9332,463381
9333,481534
9334,485992
9335,457710
9336,481098
9337,481999
9338,471132
9339,476417
9340,486307
9341,471230
9342,481478
9343,476000
9344,458000
9345,486411
9346,481872
9347,457823
9348,481781
9349,481679
9350,457768
9351,471093
9352,471317
9353,481693
9354,486409
9355,476254
9356,458126
9357,470879
9358,457767
9359,476067
9360,481881
9361,458074
9362,481034
9363,471010
9364,480954
9365,481839
9366,482116
9367,458122
9368,486279
9369,481647
9370,481645
9371,485970
9372,471180
9373,481716
9374,463436
9375,457645
9376,458323
9377,476175
9378,463377
9379,458369
9380,481936
9381,486385
9382,463094
9383,475959
9384,476189
9385,458134
9386,463110
9387,476236
9388,482006
9389,485930
9390,481980
9391,481612
9392,471116
9393,481294
9394,481640
9395,470858
9396,463851
9397,475886
9398,463234
9399,486351
9400,486448
9401,482136
9402,471615
9403,458102
9404,471143
9405,457907
9406,481817
9407,471253
9408,476002
9409,457815
9410,463035
9411,463831
9412,463655
9413,481366
9414,476375
9415,463899
9416,481990
9417,481648
9418,486477
9419,458016
9420,457804
9421,463646
9422,471551
9423,457582
9424,482156
9425,481481
9426,463339
9427,481412
9428,458015
9429,463806
9430,475803
9431,486322
9432,463430
9433,458246
9434,481573
9435,481107
9436,463465
9437,471618
9438,486144
9439,457677
9440,462991
9441,481922
9442,463492
9443,481549
9444,476188
9445,471136
9446,463387
9447,463637
9448,471085
9449,457604
9450,457935
9451,458144
9452,471151
9453,463471
9454,476232
9455,458062
9456,475872
9457,463934
9458,471599
9459,463903
9460,481912
9461,471352
9462,470959
9463,457620
9464,486481
9465,486439
9466,475996
9467,458379
9468,481609
9469,457708
9470,481044
9471,482187
9472,485929
9473,471452
9474,486384
9475,471517
9476,481976
9477,457764
9478,471495
9479,458025
9480,471089
9481,476256
9482,463349
9483,463730
9484,471025
9485,486277
9486,486515
9487,486198
9488,486328
9489,458377
9490,463931
9491,481106
9492,458034
9493,475967
9494,486042
9495,476326
9496,457843
9497,482083
9498,457782
9499,463665
9500,482123
9501,481266
9502,463703
9503,457587
9504,457916
9505,458179
9506,471542
9507,475781
9508,463778
9509,481046
9510,463978
9511,463254
9512,463704
9513,463722
9514,471320
9515,486217
9516,458163
9517,463088
9518,458008
9519,481222
9520,470908
9521,457864
9522,471644
9523,458069
9524,471574
9525,486208
9526,486128
9527,464039
9528,486344
9529,486268
9530,458173
9531,476244
9532,471355
9533,471715
9534,457704
9535,481206
9536,486364
9537,471539
9538,486425
9539,463694
9540,463305
9541,482197
9542,458239
9543,463028
9544,486400
9545,486054
9546,457583
9547,457921
9548,458366
9549,458131
9550,471738
9551,486001
9552,458005
9553,457594
9554,476094
9555,463986
9556,481286
9557,481842
9558,463129
9559,486068
9560,482183
9561,481687
9562,475866
9563,481465
9564,481068
9565,481669
9566,486514
9567,485918
9568,486155
9569,471729
9570,457572
9571,457711
9572,463795
9573,464049
9574,476154
9575,471239
9576,481673
9577,486151
9578,481464
9579,481634
9580,457681
9581,476118
9582,463943
9583,486137
9584,486348
9585,463108
9586,457667
9587,486308
9588,463929
9589,457721
9590,481254
9591,458236
9592,481110
9593,486440
9594,458344
9595,476362
9596,481893
9597,481113
9598,481993
9599,471284
9600,457776
9601,471076
9602,463873
9603,476235
9604,471156
9605,471117
9606,476088
9607,463442
9608,463093
9609,463374
9610,476020
9611,481134
9612,481867
9613,463005
9614,463569
9615,457775
9616,464035
9617,458333
9618,476246
9619,463814
9620,458170
9621,463635
9622,471446
9623,463531
9624,463050
9625,458141
9626,486214
9627,463101
9628,463500
9629,457831
9630,457658
9631,486010
9632,481794
9633,458256
9634,475980
9635,463825
9636,463502
9637,476119
9638,482079
9639,481674
9640,481917
9641,471015
9642,470857
9643,470967
9644,458065
9645,471131
9646,481956
9647,481124
9648,458313
9649,471023
9650,457861
9651,481784
9652,471688
9653,482134
9654,458299
9655,476124
9656,485939
9657,481349
9658,476193
9659,457940
9660,476106
9661,463412
9662,463165
9663,481772
9664,463029
9665,457678
9666,475997
9667,463514
9668,463428
9669,485961
9670,470860
9671,471727
9672,458277
9673,458181
9674,481599
9675,476425
9676,471572
9677,471432
9678,471175
9679,482181
9680,463002
9681,481376
9682,463032
9683,476023
9684,482150
9685,458290
9686,471421
9687,458146
9688,486139
9689,481752
9690,463482
9691,481636
9692,458208
9693,475843
9694,463464
9695,458040
9696,457812
9697,463818
9698,481704
9699,457808
9700,457982
9701,471628
9702,463961
9703,481302
9704,470843
9705,471396
9706,481676
9707,486046
9708,475989
9709,457919
9710,471248
9711,471142
9712,481639
9713,476035
9714,481790
9715,485956
9716,481899
9717,471081
9718,457801
9719,476081
9720,457657
9721,463512
9722,481570
9723,470829
9724,463841
9725,457980
9726,471569
9727,476382
9728,463059
9729,476334
9730,486392
9731,476280
9732,471109
9733,457989
9734,463541
9735,480972
9736,470904
9737,458324
9738,463728
9739,481737
9740,475933
9741,476315
9742,457954
9743,482222
9744,463343
9745,471128
9746,471241
9747,481572
9748,475934
9749,463585
9750,475935
9751,476116
9752,458001
9753,486060
9754,475786
9755,486222
9756,471718
9757,458383
9758,486516
9759,458232
9760,475877
9761,486204
9762,471229
9763,476264
9764,457862
9765,480959
9766,457882
9767,463368
9768,485928
9769,457966
9770,481694
9771,457601
9772,486258
9773,458042
9774,475970
9775,481953
9776,463972
9777,458220
9778,458349
9779,486480
9780,476223
9781,475975
9782,463994
9783,458162
9784,457586
9785,481787
9786,471525
9787,463945
9788,486082
9789,458035
9790,458263
9791,481783
9792,457570
9793,476365
9794,471190
9795,476019
9796,471067
9797,486441
9798,463787
9799,481571
9800,481522
9801,470896
9802,475823
9803,457638
9804,486261
9805,481959
9806,481411
9807,463985
9808,463146
9809,481423
9810,482163
9811,475825
9812,463598
9813,463125
9814,471637
9815,476426
9816,481162
9817,470918
9818,481050
9819,463875
9820,471252
9821,463483
9822,481894
9823,481799
9824,457983
9825,476359
9826,475772
9827,481614
9828,471308
9829,481585
9830,481389
9831,463790
9832,458129
9833,463104
9834,471054
9835,471410
9836,475909
9837,481427
9838,463376
9839,463489
9840,481228
9841,471500
9842,481538
9843,457934
9844,457734
9845,458322
9846,485927
9847,470915
9848,463155
9849,476407
9850,481709
9851,463201
9852,486162
9853,476222
9854,471690
9855,482135
9856,457860
9857,481944
9858,476263
9859,486499
9860,481407
9861,475960
9862,471302
9863,482011
9864,471585
9865,475759
9866,480968
9867,481651
9868,471562
9869,486255
9870,463011
9871,481117
9872,481536
9873,475764
9874,482147
9875,471640
9876,457990
9877,486182
9878,486300
9879,463071
9880,471455
9881,486290
9882,486309
9883,463156
9884,463683
9885,463082
9886,470911
9887,481190
9888,471733
9889,458359
9890,458251
9891,481954
9892,476313
9893,471751
9894,463090
9895,457887
9896,476010
9897,471198
9898,480967
9899,486070
9900,476250
9901,463359
9902,463369
9903,476268
9904,471160
9905,486160
9906,471407
9907,481306
9908,471443
9909,463579
9910,475896
9911,476181
9912,476271
9913,471741
9914,463222
9915,482034
9916,486246
9917,475761
9918,463075
9919,481692
9920,470950
9921,471581
9922,481812
9923,463705
9924,470888
9925,457960
9926,463289
9927,471716
9928,481304
9929,486224
9930,481042
9931,486247
9932,471153
9933,471467
9934,458011
9935,463708
9936,458271
9937,476092
9938,463863
9939,463912
9940,481843
9941,458389
9942,463566
9943,481079
9944,463748
9945,471641
9946,457806
9947,463712
9948,471686
9949,481188
9950,481026
9951,457698
9952,463638
9953,481476
9954,463300
9955,457819
9956,475957
9957,458306
9958,481343
9959,471610
9960,482033
9961,475817
9962,470882
9963,463680
9964,458020
9965,481511
9966,471283
9967,476095
9968,457626
9969,481219
9970,471312
9971,481049
9972,481259
9973,476125
9974,481715
9975,486035
9976,480977
9977,476082
9978,476061
9979,481873
9980,457985
9981,457857
9982,476055
9983,481444
9984,486476
9985,481863
9986,481383
9987,457868
9988,481974
9989,486431
9990,464026
9991,463444
9992,475988
9993,481861
9994,481020
9995,458063
9996,471416
9997,457612
9998,486237
9999,458202
10000,458347
10001,481123
10002,471319
10003,480965
10004,458014
10005,457912
10006,482242
10007,481093
10008,485915
10009,481472
10010,475829
10011,463526
10012,481279
10013,476291
10014,486422
10015,458075
10016,481208
10017,482050
10018,476285
10019,480969
10020,471351
10021,476079
10022,471711
10023,463393
10024,475876
10025,486007
10026,486434
10027,475819
10028,471176
10029,476352
10030,463942
10031,476089
10032,463190
10033,481962
10034,485963
10035,458211
10036,486146
10037,480996
10038,486345
10039,476102
10040,476436
10041,463857
10042,476136
10043,457653
10044,481149
10045,486072
10046,476348
10047,476130
10048,458088
10049,486084
10050,470952
10051,482234
10052,481546
10053,458287
10054,481792
10055,457920
10056,458348
10057,480953
10058,470886
10059,486414
10060,471138
10061,486311
10062,457969
10063,463974
10064,463602
10065,481525
10066,463070
10067,471645
10068,475995
10069,476379
10070,475914
10071,463603
10072,481493
10073,481793
10074,481795
10075,481420
10076,463628
10077,463012
10078,476149
10079,482244
10080,471281
10081,482082
10082,463068
10083,482024
10084,463938
10085,471619
10086,471692
10087,476282
10088,463766
10089,457802
10090,486445
10091,481523
10092,471226
10093,486111
10094,486275
10095,471530
10096,457816
10097,457973
10098,481807
10099,471458
10100,485986
10101,463033
10102,486462
10103,470832
10104,458059
10105,481047
10106,481041
10107,458077
10108,471204
10109,463286
10110,481276
10111,463796
10112,481380
10113,482106
10114,482043
10115,463993
10116,458093
10117,470928
10118,481201
10119,485935
10120,457712
10121,475851
10122,481452
10123,481030
10124,475930
10125,481432
10126,463102
10127,470874
10128,476351
10129,480957
10130,463874
10131,486394
10132,471020
10133,482032
10134,464023
10135,463554
10136,481229
10137,481658
10138,481072
10139,463217
10140,482069
10141,482164
10142,471577
10143,471454
10144,471513
10145,482085
10146,482192
10147,458320
10148,481118
10149,471140
10150,481205
10151,458055
10152,486361
10153,476317
10154,471439
10155,476043
10156,482229
10157,485960
10158,482098
10159,463946
10160,475805
10161,476230
10162,471606
10163,475808
10164,462993
10165,475844
10166,481611
10167,486390
10168,486397
10169,471288
10170,475824
10171,476160
10172,458353
10173,482109
10174,463258
10175,471316
10176,463671
10177,476420
10178,457646
10179,471654
10180,457854
10181,463261
10182,486006
10183,458244
10184,457616
10185,463645
10186,475800
10187,471543
10188,471120
10189,481300
10190,463352
10191,481650
10192,457566
10193,463826
10194,471091
10195,458033
10196,475845
10197,471665
10198,458257
10199,476021
10200,481971
10201,463678
10202,463209
10203,471173
10204,486114
10205,481714
10206,464069
10207,463853
10208,481339
10209,482095
10210,475890
10211,482236
10212,471650
10213,463715
10214,463096
10215,486103
10216,463152
10217,476290
10218,457654
10219,458262
10220,458370
10221,463046
10222,457613
10223,481415
10224,463950
10225,482020
10226,471075
10227,463546
10228,471753
10229,458241
10230,476252
10231,481587
10232,463092
10233,486330
10234,464064
10235,463218
10236,457809
10237,481203
10238,463342
10239,485969
10240,471242
10241,481706
10242,463911
10243,458339
10244,471465
10245,463754
10246,481998
10247,476195
10248,471600
10249,481089
10250,463780
10251,470958
10252,482117
10253,475887
10254,470837
10255,463270
10256,481598
10257,481330
10258,463577
10259,471327
10260,463229
10261,457839
10262,486273
10263,471731
10264,463547
10265,458225
10266,458231
10267,471367
10268,486016
10269,463366
10270,471298
10271,481690
10272,470894
10273,476321
10274,463197
10275,475982
10276,480945
10277,463325
10278,476155
10279,486185
10280,458278
10281,471713
10282,481802
10283,463249
10284,482028
10285,471005
10286,471492
10287,458316
10288,463203
10289,480990
10290,471027
10291,470939
10292,471238
10293,463474
10294,485965
10295,470937
10296,481870
10297,475760
10298,481643
10299,463285
10300,481151
10301,485947
10302,481728
10303,481979
10304,463051
10305,481077
10306,463410
10307,481164
10308,476342
10309,471322
10310,457788
10311,463592
10312,463882
10313,486220
10314,486061
10315,471463
10316,475818
10317,457807
10318,457885
10319,463755
10320,470996
10321,471448
10322,486065
10323,476316
10324,471438
10325,463084
10326,458127
10327,485916
10328,458171
10329,481761
10330,463037
10331,475925
10332,458081
10333,486418
10334,463154
10335,481582
10336,463567
10337,463085
10338,463390
10339,463384
10340,463244
10341,486245
10342,471449
10343,458242
10344,458315
10345,482044
10346,476015
10347,470927
10348,481600
10349,457634
10350,457705
10351,481767
10352,481829
10353,486352
10354,485971
10355,457752
10356,481037
10357,481584
10358,458150
10359,481492
10360,481284
10361,485983
10362,481486
10363,481750
10364,476007
10365,480978
10366,470870
10367,463356
10368,458154
10369,481560
10370,457695
10371,481437
10372,471164
10373,475788
10374,458109
10375,476328
10376,457722
10377,471202
10378,463418
10379,463394
10380,481637
10381,471181
10382,471668
10383,476350
10384,476200
10385,481083
10386,457834
10387,463971
10388,458110
10389,471114
10390,463860
10391,480974
10392,463235
10393,485952
10394,486376
10395,471332
10396,482063
10397,471262
10398,476423
10399,463867
10400,471187
10401,481989
10402,457948
10403,481177
10404,471070
10405,481332
10406,463576
10407,486497
10408,482089
10409,457895
10410,471261
10411,476378
10412,470901
10413,486079
10414,470966
10415,481193
10416,481749
10417,458276
10418,458356
10419,476048
10420,463632
10421,481685
10422,471271
10423,486172
10424,458123
10425,481589
10426,463644
10427,481495
10428,457621
10429,481158
10430,481150
10431,463186
10432,481703
10433,486423
10434,463506
10435,463810
10436,481394
10437,463610
10438,476355
10439,463003
10440,458193
10441,486316
10442,457724
10443,463321
10444,481533
10445,481292
10446,457730
10447,463027
10448,482125
10449,481327
10450,486366
10451,463565
10452,457738
10453,471358
10454,463773
10455,463652
10456,481062
10457,458148
10458,463264
10459,471123
10460,463443
10461,486225
10462,481408
10463,486234
10464,471274
10465,482212
10466,471059
10467,458245
10468,486221
10469,482129
10470,463693
10471,486176
10472,476133
10473,471466
10474,476005
10475,458117
10476,486486
10477,475953
10478,481382
10479,486333
10480,458128
10481,458068
10482,481527
10483,486282
10484,486008
10485,486410
10486,458343
10487,476218
10488,463924
10489,457971
10490,475894
10491,463905
10492,476390
10493,482194
10494,482076
10495,463573
10496,463710
10497,463025
10498,471583
10499,482162
10500,463259
10501,463463
10502,486143
10503,457958
10504,463781
10505,475848
10506,481804
10507,481119
10508,486029
10509,481738
10510,481236
10511,471296
10512,463083
10513,481739
10514,475837
10515,486478
10516,457686
10517,463507
10518,486312
10519,481729
10520,481024
10521,481121
10522,457859
10523,481263
10524,463977
10525,486106
10526,463172
10527,481059
10528,475924
10529,476008
10530,471200
10531,463936
10532,457898
10533,463310
10534,475840
10535,481400
10536,481250
10537,457817
10538,463385
10539,471014
10540,471689
10541,475815
10542,475789
10543,471163
10544,476320
10545,471487
10546,458199
10547,476140
10548,457741
10549,463294
10550,481943
10551,486436
10552,476176
10553,481462
10554,457748
10555,481255
10556,470887
10557,486461
10558,486412
10559,475807
10560,481238
10561,463774
10562,481517
10563,481131
10564,471359
10565,482151
10566,471377
10567,486457
10568,480966
10569,476345
10570,475938
10571,463065
10572,482210
10573,471068
10574,486485
10575,481378
10576,482027
10577,481923
10578,463332
10579,476027
10580,471627
10581,475847
10582,457674
10583,457976
10584,457879
10585,471596
10586,470835
10587,481719
10588,457987
10589,471472
10590,486437
10591,458224
10592,470898
10593,481862
10594,471360
10595,458216
10596,470953
10597,482239
10598,482211
10599,463459
10600,463166
10601,476311
10602,481941
10603,481972
10604,471053
10605,458100
10606,486211
10607,482130
10608,464048
10609,463677
10610,457581
10611,482037
10612,486015
10613,463777
10614,486264
10615,485917
10616,458125
10617,485932
10618,458362
10619,476404
10620,481312
10621,457953
10622,471065
10623,458378
10624,458140
10625,471079
10626,481887
10627,481678
10628,482005
10629,463690
10630,481457
10631,458264
10632,457692
10633,471510
10634,482241
10635,486012
10636,457610
10637,457727
10638,457938
10639,471213
10640,463239
10641,470980
10642,482031
10643,481004
10644,485937
10645,486417
10646,475794
10647,471158
10648,471483
10649,471649
10650,471049
10651,463959
10652,471072
10653,457810
10654,463231
10655,476159
10656,486398
10657,481345
10658,463207
10659,481247
10660,475897
10661,457865
10662,480986
10663,458071
10664,471535
10665,486463
10666,470969
10667,481535
10668,471188
10669,471406
10670,481756
10671,463692
10672,481197
10673,471478
10674,471597
10675,476076
10676,463367
10677,471573
10678,457606
10679,458143
10680,481811
10681,457639
10682,458113
10683,471710
10684,481450
10685,481353
10686,463523
10687,475998
10688,463556
10689,457888
10690,476068
10691,471486
10692,482143
10693,463276
10694,457998
10695,482071
10696,463126
10697,458342
10698,486121
10699,481518
10700,457999
10701,471501
10702,471022
10703,482064
10704,481730
10705,463488
10706,476185
10707,475762
10708,457749
10709,481288
10710,481929
10711,470905
10712,471687
10713,476292
10714,463881
10715,458095
10716,481513
10717,486362
10718,463064
10719,463549
10720,457733
10721,462990
10722,476386
10723,458195
10724,481360
10725,481287
10726,481392
10727,463572
10728,458136
10729,481569
10730,481697
10731,486120
10732,463407
10733,481906
10734,471350
10735,470973
10736,486449
10737,457944
10738,463250
10739,463890
10740,463508
10741,463672
10742,463045
10743,463894
10744,470922
10745,458391
10746,458031
10747,476437
10748,463226
10749,463976
10750,482146
10751,463413
10752,457965
10753,463872
10754,482173
10755,486475
10756,481130
10757,481515
10758,463476
10759,471437
10760,485980
10761,463675
10762,486426
10763,463681
10764,486205
10765,476045
10766,471533
10767,481453
10768,471497
10769,463604
10770,463640
10771,481434
10772,481592
10773,463518
10774,463737
10775,482189
10776,481388
10777,486357
10778,457789
10779,471426
10780,458373
10781,471099
10782,463468
10783,463511
10784,458213
10785,457718
10786,481837
10787,470960
10788,485912
10789,471135
10790,463480
10791,481886
10792,486033
10793,471041
10794,471266
10795,476207
10796,463139
10797,463557
10798,470914
10799,481789
10800,464070
10801,481800
10802,481175
10803,457968
10804,481189
10805,463145
10806,470833
10807,481179
10808,476381
10809,463525
10810,482114
10811,486043
10812,486271
10813,476273
10814,475796
10815,476304
10816,471273
10817,475878
10818,470936
10819,481321
10820,463612
10821,458234
10822,463855
10823,481396
10824,481938
10825,471105
10826,463889
10827,481242
10828,471335
10829,481169
10830,481390
10831,486071
10832,463495
10833,457664
10834,481070
10835,476332
10836,476217
10837,481226
10838,471307
10839,475782
10840,463000
10841,463034
10842,471088
10843,463336
10844,481067
10845,481290
10846,481356
10847,482220
10848,471115
10849,470878
10850,486036
10851,481186
10852,476180
10853,481160
10854,471706
10855,471293
10856,476338
10857,471303
10858,481140
10859,486011
10860,481764
10861,463131
10862,463320
10863,481655
10864,476146
10865,471608
10866,481342
10867,481422
10868,471479
10869,482070
10870,475801
10871,481154
10872,457975
10873,471544
10874,471199
10875,463555
10876,486438
10877,458385
10878,486098
10879,463608
10880,471306
10881,475870
10882,486163
10883,482177
10884,471571
10885,486085
10886,481745
10887,463837
10888,463684
10889,463517
10890,486039
10891,464060
10892,457739
10893,481323
10894,481028
10895,471161
10896,475846
10897,463066
10898,471447
10899,476221
10900,470998
10901,481153
10902,481788
10903,476184
10904,458027
10905,486371
10906,486027
10907,481967
10908,471001
10909,463744
10910,485909
10911,481596
10912,476110
10913,475969
10914,471744
10915,471338
10916,482131
10917,463383
10918,476105
10919,463315
10920,481308
10921,485955
10922,486183
10923,481816
10924,481016
10925,464037
10926,486331
10927,471147
10928,475983
10929,470999
10930,476388
10931,458066
10932,482202
10933,476114
10934,457757
10935,463805
10936,463018
10937,457877
10938,481770
10939,481490
10940,463099
10941,486250
10942,458228
10943,463255
10944,471349
10945,470995
10946,482016
10947,485959
10948,463177
10949,481642
10950,458057
10951,476278
10952,481328
10953,482167
10954,463560
10955,476062
10956,471011
10957,481095
10958,471598
10959,482186
10960,476056
10961,471385
10962,475903
10963,458298
10964,481298
10965,457936
10966,481961
10967,471337
10968,458176
10969,480958
10970,481479
10971,482205
10972,481441
10973,463279
10974,471033
10975,470897
10976,486278
10977,481657
10978,463983
10979,471018
10980,481309
10981,463119
10982,464055
10983,486444
10984,481253
10985,481145
10986,475902
10987,463143
10988,463887
10989,475813
10990,476134
10991,457676
10992,486165
10993,481926
10994,463499
10995,475927
10996,486190
10997,457780
10998,471722
10999,476113
11000,481888
11001,457781
11002,463128
11003,486391
11004,463852
11005,481108
11006,486055
11007,458138
11008,476308
11009,463940
11010,463271
11011,475875
11012,486119
11013,471361
11014,476202
11015,457901
11016,481930
11017,463595
11018,471268
11019,485941
11020,481975
11021,482049
11022,475821
11023,471301
11024,463876
11025,481644
11026,481171
11027,481753
11028,476356
11029,482208
11030,457813
11031,481696
11032,481939
11033,486287
11034,463801
11035,476406
11036,481885
11037,457836
11038,475912
11039,463391
11040,481092
11041,481625
11042,458296
11043,481264
11044,471305
11045,471629
11046,470838
11047,481451
11048,486092
11049,481724
11050,481430
11051,458217
11052,486086
11053,457731
11054,481613
11055,458002
11056,463540
11057,463627
11058,471538
11059,480955
11060,480989
11061,471671
11062,476026
11063,463895
11064,482225
11065,463674
11066,463716
11067,458237
11068,463822
11069,471663
11070,481519
11071,463570
11072,480950
11073,470912
11074,482103
11075,457964
11076,458115
11077,458361
11078,471381
11079,482198
11080,463124
11081,481237
11082,481281
11083,471339
11084,481045
11085,471331
11086,463574
11087,463702
11088,476269
11089,471330
11090,470834
11091,481775
11092,481859
11093,471603
11094,457850
11095,481168
11096,471228
11097,457928
11098,471162
11099,463926
11100,471354
11101,486125
11102,463052
11103,463346
11104,481623
11105,476032
11106,486117
11107,476211
11108,463503
11109,463312
11110,463939
11111,476422
11112,486186
11113,471382
11114,463699
11115,481973
11116,463307
11117,481677
11118,463058
11119,486276
11120,481021
11121,471223
11122,463392
11123,463578
11124,482019
11125,471356
11126,481008
11127,471300
11128,471696
11129,481814
11130,471097
11131,463205
11132,480947
11133,471595
11134,476276
11135,470933
11136,476327
11137,471675
11138,481054
11139,463257
11140,486218
11141,486453
11142,463150
11143,471098
11144,463642
11145,481964
11146,486506
11147,476306
11148,471032
11149,486447
11150,463809
11151,470944
11152,458207
11153,463862
11154,463454
11155,476421
11156,471039
11157,475856
11158,458319
11159,463908
11160,470848
11161,463816
11162,481428
11163,481632
11164,462997
11165,457909
11166,458175
11167,457699
11168,471643
11169,458086
11170,458006
11171,480952
11172,471291
11173,481230
11174,475864
11175,482039
11176,481890
11177,471740
11178,457791
11179,475931
11180,463838
11181,481426
11182,458203
11183,486468
11184,481413
11185,486094
11186,463760
11187,482221
11188,463057
11189,476247
11190,458229
11191,471669
11192,471342
11193,486375
11194,458087
11195,463588
11196,481410
11197,463199
11198,486095
11199,476086
11200,471186
11201,463587
11202,481449
11203,481220
11204,482080
11205,485989
11206,463206
11207,471575
11208,481618
11209,486077
11210,486270
11211,476208
11212,476398
11213,471334
11214,471708
11215,486419
11216,463159
11217,486297
11218,457986
11219,476132
11220,471655
11221,458070
11222,486229
11223,470906
11224,481103
11225,463633
11226,476300
11227,470872
11228,463747
11229,457564
11230,463944
11231,481581
11232,458030
11233,471450
11234,485991
11235,471130
11236,458350
11237,481475
11238,471714
11239,486195
11240,481833
11241,482246
11242,471154
11243,481096
11244,463260
11245,485945
11246,481940
11247,481875
11248,470970
11249,482057
11250,457811
11251,486003
11252,463973
11253,482127
11254,463228
11255,463606
11256,486294
11257,481723
11258,486187
11259,471582
11260,481720
11261,463896
11262,471634
11263,463335
11264,463580
11265,463989
11266,481769
11267,475827
11268,471247
11269,481555
11270,463036
11271,481163
11272,480988
11273,476028
11274,481683
11275,475834
11276,481350
11277,486089
11278,481234
11279,482040
11280,486112
11281,481488
11282,476416
11283,482227
11284,471697
11285,471505
11286,471490
11287,471636
11288,458155
11289,471149
11290,486281
11291,481335
11292,463915
11293,481617
11294,471552
11295,463687
11296,462998
11297,475900
11298,471208
11299,476270
11300,464040
11301,482179
11302,463782
11303,470947
11304,481002
11305,463006
11306,471196
11307,471166
11308,481671
11309,463824
11310,475918
11311,475860
11312,463709
11313,463362
11314,481371
11315,463756
11316,475777
11317,486450
11318,463740
11319,463575
11320,463252
11321,471412
11322,463230
11323,463630
11324,470954
11325,486166
11326,482238
11327,482014
11328,475950
11329,475871
11330,463696
11331,463072
11332,458177
11333,482184
11334,481178
11335,476302
11336,463762
11337,463621
11338,471225
11339,458371
11340,485921
11341,458352
11342,476177
11343,476097
11344,463868
11345,457959
11346,481267
11347,471254
11348,476074
11349,458183
11350,458295
11351,464044
11352,457633
11353,458253
11354,464051
11355,481459
11356,458301
11357,481448
11358,463727
11359,482029
11360,481653
11361,470865
11362,463251
11363,463658
11364,471534
11365,475862
11366,475778
11367,463650
11368,457596
11369,486138
11370,482022
11371,475849
11372,463999
11373,471171
11374,471493
11375,463196
11376,481903
11377,481768
11378,476266
11379,482120
11380,471491
11381,481531
11382,471485
11383,463964
11384,471553
11385,475991
11386,463662
11387,458233
11388,463417
11389,482047
11390,463107
11391,481735
11392,481494
11393,457926
11394,481831
11395,481901
11396,458340
11397,481765
11398,463836
11399,471074
11400,486467
11401,481847
11402,481556
11403,464013
11404,481324
11405,457910
11406,471019
11407,463504
11408,471540
11409,471524
11410,471178
11411,458384
11412,463947
11413,481700
11414,476294
11415,463309
11416,475917
11417,476121
11418,457952
11419,481429
11420,463389
11421,486192
11422,475891
11423,471249
11424,457845
11425,458153
11426,458157
11427,463840
11428,475797
11429,471058
11430,480995
11431,486393
11432,481318
11433,482233
11434,464029
11435,463030
11436,480987
11437,481597
11438,485948
11439,481506
11440,463281
11441,485920
11442,481442
11443,481347
11444,475768
11445,458328
11446,458039
11447,470889
11448,476205
11449,486420
11450,471002
11451,463477
11452,471195
11453,476333
11454,481245
11455,485942
11456,481364
11457,486304
11458,463941
11459,463450
11460,457726
11461,457777
11462,486232
11463,463591
11464,463423
11465,470968
11466,476440
11467,481417
11468,471476
11469,463116
11470,458152
11471,463521
11472,458166
11473,463958
11474,463437
11475,475836
11476,458189
11477,471470
11478,463647
11479,463445
11480,464061
11481,481395
11482,481544
11483,471658
11484,482145
11485,457883
11486,457914
11487,463969
11488,485957
11489,486303
11490,463265
11491,458255
11492,463817
11493,457662
11494,471368
11495,471496
11496,481466
11497,485995
11498,458112
11499,475880
11500,463158
11501,463347
11502,475979
11503,463962
11504,481433
11505,475919
11506,471724
11507,471265
11508,463213
11509,463769
11510,486097
11511,458142
11512,463062
11513,476047
11514,463739
11515,471078
11516,470993
11517,476127
11518,475852
11519,486020
11520,470845
11521,471048
11522,480984
11523,463916
11524,476072
11525,463360
11526,458302
11527,464009
11528,481172
11529,463700
11530,481915
11531,482159
11532,457668
11533,463720
11534,463469
11535,471548
11536,476030
11537,471165
11538,481904
11539,481282
11540,481273
11541,476415
11542,457737
11543,463331
11544,481086
11545,471652
11546,470923
11547,486405
11548,458018
11549,486482
11550,463409
11551,463253
11552,463848
11553,471391
11554,463719
11555,463416
11556,463545
11557,486145
11558,486129
11559,464067
11560,486118
11561,486213
11562,457837
11563,486325
11564,462988
11565,482015
11566,463113
11567,481258
11568,457636
11569,463742
11570,485997
11571,481805
11572,475901
11573,471106
11574,481695
11575,476087
11576,486013
11577,481361
11578,481331
11579,486226
11580,481351
11581,482140
11582,458293
11583,485974
11584,481619
11585,481087
11586,485985
11587,481646
11588,476265
11589,481192
11590,486286
11591,471209
11592,486105
11593,463455
11594,481386
11595,463021
11596,480975
11597,457598
11598,476147
11599,481746
11600,475955
11601,463303
11602,463601
11603,470884
11604,480970
11605,463622
11606,457829
11607,481368
11608,463548
11609,480976
11610,463952
11611,481120
11612,481127
11613,471576
11614,458300
11615,470957
11616,482021
11617,476224
11618,458149
11619,476259
11620,475811
11621,457950
11622,476059
11623,458107
11624,481289
11625,463953
11626,481352
11627,471588
11628,482144
11629,463466
11630,481240
11631,481406
11632,476301
11633,476248
11634,476212
11635,481137
11636,480949
11637,486329
11638,486037
11639,482190
11640,476336
11641,464010
11642,481346
11643,476229
11644,481607
11645,486019
11646,471380
11647,475990
11648,463623
11649,482160
11650,476412
11651,481268
11652,463142
11653,476369
11654,482188
11655,463615
11656,471259
11657,482090
11658,481699
11659,463461
11660,464022
11661,463833
11662,463141
11663,482165
11664,457661
11665,457799
11666,458089
11667,481499
11668,481818
11669,470926
11670,457991
11671,458325
11672,486435
11673,486025
11674,463348
11675,458169
11676,482213
11677,475884
11678,471592
11679,476108
11680,481849
11681,482240
11682,463074
11683,471527
11684,486503
11685,463618
11686,481064
11687,463127
11688,471384
11689,481580
11690,457569
11691,464012
11692,486076
11693,486265
11694,457591
11695,486101
11696,481985
11697,476198
11698,486179
11699,476191
11700,486313
11701,471129
11702,457687
11703,481085
11704,481708
11705,481736
11706,471057
11707,458297
11708,486200
11709,481664
11710,457578
11711,463043
11712,481848
11713,458161
11714,486148
11715,457609
11716,476394
11717,471038
11718,482141
11719,486464
11720,458387
11721,476107
11722,486122
11723,476128
11724,476064
11725,486154
11726,463403
11727,486427
11728,481876
11729,470839
11730,470853
11731,457624
11732,471139
11733,457955
11734,482074
11735,463314
11736,482139
11737,486104
11738,481965
11739,481167
11740,457761
11741,470840
11742,463584
11743,471420
11744,471280
11745,464063
11746,485978
11747,481937
11748,458041
11749,457593
11750,481341
11751,457896
11752,463528
11753,481170
11754,486350
11755,471589
11756,481066
11757,481295
11758,481710
11759,475820
11760,457623
11761,471363
11762,486432
11763,475910
11764,486201
11765,476196
11766,476424
11767,486505
11768,470941
11769,470895
11770,486510
11771,486508
11772,481552
11773,485977
11774,470938
11775,463364
11776,480960
11777,481112
11778,470935
11779,457792
11780,463520
11781,458336
11782,471512
11783,481686
11784,482041
11785,480992
11786,457635
11787,486159
11788,481916
11789,464027
11790,463484
11791,463191
11792,458291
11793,463522
11794,463788
11795,486136
11796,486096
11797,471207
11798,458249
11799,476194
11800,481314
11801,481270
11802,463105
11803,471321
11804,481554
11805,481900
11806,476231
11807,463619
11808,486408
11809,482115
11810,458094
11811,463914
11812,463414
11813,481501
11814,458178
11815,476399
11816,463559
11817,463112
11818,476060
11819,471246
11820,463761
11821,481987
11822,457637
11823,471100
11824,486314
11825,463641
11826,457588
11827,463323
11828,463256
11829,482185
11830,463701
11831,471066
11832,481221
11833,458259
11834,458009
11835,457688
11836,463007
11837,457745
11838,486339
11839,470864
11840,457911
11841,458283
11842,463175
11843,475770
11844,481891
11845,481605
11846,481078
11847,481291
11848,463221
11849,486075
11850,457762
11851,457908
11852,457797
11853,471343
11854,458165
11855,475974
11856,463811
11857,463676
11858,458026
11859,458341
11860,486520
11861,471215
11862,481652
11863,481271
11864,486483
11865,481195
11866,457640
11867,471269
11868,457863
11869,481097
11870,476148
11871,475943
11872,463713
11873,481721
11874,470893
11875,481474
11876,482067
11877,486343
11878,471210
11879,481821
11880,475932
11881,486466
11882,464015
11883,471578
11884,463095
11885,471260
11886,481036
11887,476227
11888,457897
11889,475783
11890,481468
11891,485972
11892,486030
11893,482154
11894,476401
11895,471101
11896,471462
11897,471739
11898,457608
11899,471549
11900,471006
11901,481344
11902,481017
11903,486502
11904,463897
11905,482093
11906,463624
11907,458374
11908,481129
11909,458168
11910,476418
11911,486209
11912,486090
11913,471703
11914,470859
11915,481864
11916,471639
11917,470909
11918,457643
11919,471397
11920,457805
11921,481947
11922,457933
11923,458205
11924,471445
11925,482102
11926,457656
11927,471157
11928,463734
11929,463433
11930,457728
11931,481628
11932,481932
11933,481661
11934,482175
11935,463984
11936,464050
11937,471750
11938,475865
11939,470992
11940,463930
11941,463893
11942,457759
11943,475780
11944,471707
11945,481960
11946,481778
11947,470885
11948,481397
11949,463457
11950,463735
11951,471468
11952,463288
11953,476367
11954,464066
11955,475882
11956,464030
11957,476151
11958,457697
11959,458084
11960,485953
11961,457605
11962,482055
11963,476029
11964,471441
11965,470946
11966,457659
11967,481880
11968,463519
11969,463530
11970,486377
11971,476323
11972,475838
11973,457669
11974,463711
11975,476433
11976,480985
11977,486243
11978,463451
11979,457939
11980,476123
11981,463625
11982,463157
11983,458266
11984,471632
11985,458116
11986,481828
11987,481057
11988,470975
11989,476201
11990,463210
11991,457930
11992,476093
11993,463594
11994,470948
11995,476368
11996,481541
11997,471461
11998,476069
11999,463589
12000,457906
12001,471388
12002,486175
12003,463845
12004,481207
12005,463291
12006,481557
12007,481726
12008,471231
12009,458272
12010,463829
12011,482200
12012,470991
12013,475773
12014,471502
12015,481521
12016,482113
12017,481251
12018,481329
12019,463686
12020,482237
12021,463023
12022,457614
12023,463472
12024,471593
12025,457778
12026,476341
12027,486356
12028,463020
12029,475905
12030,457585
12031,486402
12032,486369
12033,463933
12034,458079
12035,482042
12036,463079
12037,470881
12038,458392
12039,476183
12040,475881
12041,476400
12042,481374
12043,457925
12044,458132
12045,482036
12046,486223
12047,482073
12048,481231
12049,481316
12050,457856
12051,463446
12052,471749
12053,457732
12054,482026
12055,471409
12056,458214
12057,471702
12058,486083
12059,481744
12060,481624
12061,463245
12062,486014
12063,486141
12064,471653
12065,458037
12066,486257
12067,470976
12068,471425
12069,471394
12070,463982
12071,458321
12072,470986
12073,476144
12074,480982
12075,486188
12076,482176
12077,471206
12078,471631
12079,458054
12080,471509
12081,481543
12082,481758
12083,457717
12084,481529
12085,458056
12086,485934
12087,471677
12088,481325
12089,476004
12090,463785
12091,463171
12092,475868
12093,486191
12094,463956
12095,481216
12096,481006
12097,458288
12098,476267
12099,476385
12100,485936
12101,463599
12102,463114
12103,471374
12104,476049
12105,481174
12106,481358
12107,463297
12108,458252
12109,481485
12110,476219
12111,486230
12112,486002
12113,471622
12114,457755
12115,458029
12116,471746
12117,463425
12118,486496
12119,457765
12120,457649
12121,481354
12122,457700
12123,486395
12124,463330
12125,481851
12126,463001
12127,463275
12128,457900
12129,481567
12130,481060
12131,485973
12132,481019
12133,480997
12134,476071
12135,463643
12136,476033
12137,476169
12138,481387
12139,463539
12140,457680
12141,464053
12142,470868
12143,476238
12144,463850
12145,457615
12146,486051
12147,481191
12148,458135
12149,481830
12150,481379
12151,463968
12152,481551
12153,482235
12154,471590
12155,486260
12156,458326
12157,482138
12158,476137
12159,476115
12160,471379
12161,481115
12162,463736
12163,463533
12164,476395
12165,482126
12166,463361
12167,458318
12168,458120
12169,481498
12170,476371
12171,471244
12172,485994
12173,481604
12174,481558
12175,476305
12176,463429
12177,471666
12178,486000
12179,463163
12180,475822
12181,481853
12182,457931
12183,486338
12184,475971
12185,458240
12186,481763
12187,470876
12188,464042
12189,476372
12190,481595
12191,481588
12192,481071
12193,471646
12194,463904
12195,463614
12196,481913
12197,481718
12198,481681
12199,463069
12200,476258
12201,486066
12202,481836
12203,470940
12204,481404
12205,463921
12206,471745
12207,457575
12208,470963
12209,475895
12210,463278
12211,471705
12212,481635
12213,481039
12214,463225
12215,481399
12216,457978
12217,458017
12218,470916
12219,481338
12220,471232
12221,463928
12222,462992
12223,471373
12224,463611
12225,471568
12226,476041
12227,463404
12228,471484
12229,475828
12230,481507
12231,476429
12232,476058
12233,457689
12234,471620
12235,481144
12236,485913
12237,471550
12238,457729
12239,464031
12240,481780
12241,481945
12242,481672
12243,463509
12244,486024
12245,482172
12246,458147
12247,486228
12248,481483
12249,471289
12250,481918
12251,471709
12252,476411
12253,463714
12254,457825
12255,475966
12256,463120
12257,481514
12258,481269
12259,471526
12260,471168
12261,481467
12262,458308
12263,476383
12264,481156
12265,457922
12266,476066
12267,458053
12268,481950
12269,480963
12270,463149
12271,463467
12272,476161
12273,463877
12274,458250
12275,481855
12276,463498
12277,486489
12278,485979
12279,463800
12280,481878
12281,470831
12282,463975
12283,481835
12284,482099
12285,475771
12286,481210
12287,463089
12288,463685
12289,486473
12290,471087
12291,485908
12292,463948
12293,481023
12294,481000
12295,485968
12296,471137
12297,481810
12298,476396
12299,463965
12300,481841
12301,471664
12302,481224
12303,475940
12304,457869
12305,471297
12306,458028
12307,458310
12308,481504
12309,475765
12310,475869
12311,476138
12312,482048
12313,471507
12314,485964
12315,470951
12316,481359
12317,464034
12318,475915
12319,463438
12320,482137
12321,457693
12322,458022
12323,476022
12324,458388
12325,471013
12326,471560
12327,482086
12328,463721
12329,485914
12330,457770
12331,476239
12332,471030
12333,470899
12334,463913
12335,457873
12336,463864
12337,476286
12338,482203
12339,476413
12340,463861
12341,481199
12342,463568
12343,458375
12344,463299
12345,471276
12346,476392
12347,471189
12348,463854
12349,471037
12350,463659
12351,481035
12352,463992
12353,458368
12354,458004
12355,471096
12356,457753
12357,481372
12358,475855
12359,458048
12360,481856
12361,457600
12362,471118
12363,463322
12364,476213
12365,486156
12366,481996
12367,457790
12368,481055
12369,471700
12370,463698
12371,458096
12372,470892
12373,471672
12374,458280
12375,464016
12376,471272
12377,481826
12378,482132
12379,457913
12380,481125
12381,457963
12382,481747
12383,471031
12384,476174
12385,470943
12386,481015
12387,463432
12388,481978
12389,486196
12390,481682
12391,486263
12392,486315
12393,471558
12394,471616
12395,475929
12396,481995
12397,463148
12398,463063
12399,463842
12400,471155
12401,481946
12402,471673
12403,458045
12404,458338
12405,457821
12406,482209
12407,458285
12408,463925
12409,457720
12410,458158
12411,457715
12412,486053
12413,471353
12414,486353
12415,482078
12416,463794
12417,482230
12418,471051
12419,463274
12420,471400
12421,481473
12422,463151
12423,486026
12424,481322
12425,485998
12426,464046
12427,458047
12428,458101
12429,485933
12430,457648
12431,471251
12432,457870
12433,481615
12434,457946
12435,482008
12436,481005
12437,476164
12438,471127
12439,481920
12440,476031
12441,471679
12442,481578
12443,463056
12444,471403
12445,458282
12446,458367
12447,476024
12448,471257
12449,463707
12450,475920
12451,482217
12452,471009
12453,481997
12454,482107
12455,463248
12456,458003
12457,481001
12458,457830
12459,481542
12460,481147
12461,475949
12462,470850
12463,475775
12464,463724
12465,481707
12466,476096
12467,486022
12468,485910
12469,471737
12470,458050
12471,457679
12472,481187
12473,463421
12474,463869
12475,485943
12476,476357
12477,463494
12478,476260
12479,458038
12480,486048
12481,470984
12482,481981
12483,471126
12484,481180
12485,458023
12486,481871
12487,481061
12488,476366
12489,464024
12490,458258
12491,458119
12492,486133
12493,463870
12494,481244
12495,486355
12496,486130
12497,481033
12498,471580
12499,457750
12500,458049
12501,463919
12502,481018
12503,481246
12504,486472
12505,481275
12506,471341
12507,463847
12508,457652
12509,457855
12510,471556
12511,463561
12512,463382
12513,471682
12514,476314
12515,475763
12516,458274
12517,481832
12518,485946
12519,482018
12520,471144
12521,481296
12522,471111
12523,471477
12524,481384
12525,482195
12526,458051
12527,470925
12528,486167
12529,457672
12530,470867
12531,481616
12532,463380
12533,481445
12534,458196
12535,470971
12536,475893
12537,481868
12538,471612
12539,471683
12540,464001
12541,486498
12542,476402
12543,481776
12544,481670
12545,463691
12546,476040
12547,463532
12548,458067
12549,471370
12550,486465
12551,458182
12552,458261
12553,481610
12554,457740
12555,463439
12556,475804
12557,457744
12558,485982
12559,481591
12560,482158
12561,471681
12562,481243
12563,457627
12564,471110
12565,471245
12566,471506
12567,486256
12568,476065
12569,463189
12570,486057
12571,463040
12572,457769
12573,471567
12574,471292
12575,471651
12576,481545
12577,463970
12578,475857
12579,481621
12580,475904
12581,481365
12582,458365
12583,471383
12584,463843
12585,457625
12586,482196
12587,463996
12588,476288
12589,458111
12590,476377
12591,463745
12592,482012
12593,471570
12594,471537
12595,481012
12596,481260
12597,481132
12598,457872
12599,482124
12600,482111
12601,481157
12602,463651
12603,475942
12604,471694
12605,458248
12606,471398
12607,486319
12608,471743
12609,457707
12610,463534
12611,475806
12612,463345
12613,482178
12614,464000
12615,471566
12616,481056
12617,481315
12618,482215
12619,481213
12620,480971
12621,486113
12622,476309
12623,463891
12624,458289
12625,463449
12626,463538
12627,481879
12628,471264
12629,471090
12630,481757
12631,482046
12632,476070
12633,481889
12634,471220
12635,486115
12636,463434
12637,481225
12638,457631
12639,458204
12640,475965
12641,463920
12642,458159
12643,481933
12644,481477
12645,482000
12646,471444
12647,481058
12648,458380
12649,471726
12650,471701
12651,481249
12652,481958
12653,486284
12654,481080
12655,470932
12656,476182
12657,463923
12658,475835
12659,463473
12660,463654
12661,486389
12662,475984
12663,486131
12664,481182
12665,463317
12666,471056
12667,471050
12668,476439
12669,463582
12670,457961
12671,458052
12672,481966
12673,481402
12674,463136
12675,463138
12676,463426
12677,458121
12678,485987
12679,481883
12680,463212
12681,463161
12682,476325
12683,463901
12684,481777
12685,463746
12686,471080
12687,486388
12688,475863
12689,457905
12690,471498
12691,463337
12692,475812
12693,481497
12694,482224
12695,471605
12696,481575
12697,463663
12698,463616
12699,475921
12700,463792
12701,463243
12702,463301
12703,476139
12704,481949
12705,481326
12706,457800
12707,463951
12708,481081
12709,457992
12710,463544
12711,480973
12712,463802
12713,486494
12714,481603
12715,475987
12716,471434
12717,463481
12718,463017
12719,463013
12720,486455
12721,470931
12722,476090
12723,471623
12724,463334
12725,481988
12726,486107
12727,463111
12728,470910
12729,471440
12730,463516
12731,476410
12732,471069
12733,463649
12734,463287
12735,463706
12736,458269
12737,476387
12738,463725
12739,463447
12740,463140
12741,457571
12742,471134
12743,457622
12744,475790
12745,481774
12746,475948
12747,471224
12748,471684
12749,486236
12750,471177
12751,471170
12752,463613
12753,470964
12754,463458
12755,471371
12756,481786
12757,482182
12758,481982
12759,476374
12760,481840
12761,481608
12762,470907
12763,463038
12764,464025
12765,463398
12766,471369
12767,463338
12768,457824
12769,481627
12770,481559
12771,486152
12772,471626
12773,481820
12774,471364
12775,486454
12776,457602
12777,476234
12778,457573
12779,457924
12780,463957
12781,471442
12782,486059
12783,458036
12784,458188
12785,481540
12786,470830
12787,463014
12788,476408
12789,482065
12790,457917
12791,475916
12792,463355
12793,463808
12794,463764
12795,476157
12796,481877
12797,476012
12798,463865
12799,485954
12800,481303
12801,463053
12802,463960
12803,481155
12804,482219
12805,463767
12806,471481
12807,457932
12808,486219
12809,471489
12810,463900
12811,463666
12812,476335
12813,463966
12814,481882
12815,486047
12816,463884
12817,476293
12818,463216
12819,481334
12820,458209
12821,463219
12822,482214
12823,471029
12824,481754
12825,463827
12826,475986
12827,481076
12828,471375
12829,481722
12830,481425
12831,481340
12832,481333
12833,481398
12834,471365
12835,458060
12836,458085
12837,471183
12838,457993
12839,481919
12840,471404
12841,463844
12842,481283
12843,486197
12844,485931
12845,486310
12846,471222
12847,486212
12848,470990
12849,458327
12850,481040
12851,458247
12852,486446
12853,485950
12854,481991
12855,458267
12856,463902
12857,485990
12858,458032
12859,475923
12860,481257
12861,457663
12862,486044
12863,471430
12864,471219
12865,457651
12866,486078
12867,482030
12868,486433
12869,481217
12870,482009
12871,481090
12872,482232
12873,471555
12874,458080
12875,476204
12876,463835
12877,481065
12878,471528
12879,458337
12880,481641
12881,458198
12882,463195
12883,463485
12884,457818
12885,471717
12886,463752
12887,482105
12888,463268
12889,471270
12890,486184
12891,463185
12892,486253
12893,463049
12894,471362
12895,486100
12896,486358
12897,457849
12898,471504
12899,482153
12900,475858
12901,463798
12902,463233
12903,486306
12904,486470
12905,482204
12906,471179
12907,457842
12908,481689
12909,481248
12910,463726
12911,486416
12912,463799
12913,486299
12914,481601
12915,481860
12916,471522
12917,463879
12918,486403
12919,458206
12920,486009
12921,471286
12922,463188
12923,463954
12924,463990
12925,481101
12926,464028
12927,471042
12928,476261
12929,486269
12930,463564
12931,482051
12932,482035
12933,463759
12934,457923
12935,482062
12936,476358
12937,486274
12938,486132
12939,463486
12940,486381
12941,486170
12942,482003
12943,475907
12944,463793
12945,471685
12946,463419
12947,481838
12948,486346
12949,476435
12950,463039
12951,475939
12952,463505
12953,463743
12954,471480
12955,463888
12956,481274
12957,486193
12958,471473
12959,463144
12960,481403
12961,471309
12962,481470
12963,481957
12964,457736
12965,464002
12966,476370
12967,457881
12968,458354
12969,471503
12970,476054
12971,463395
12972,458024
12973,471124
12974,481239
12975,462995
12976,458311
12977,480993
12978,463026
12979,481183
12980,463224
12981,482133
12982,486252
12983,482112
12984,458013
12985,486443
12986,486124
12987,471324
12988,481469
12989,476117
12990,471656
12991,470913
12992,481815
12993,458073
12994,457576
12995,470852
12996,475874
12997,486380
12998,470956
12999,463597
13000,486073
13001,476126
13002,463162
13003,481924
13004,486512
13005,463732
13006,463689
13007,463513
13008,476414
13009,471024
13010,482191
13011,486174
13012,463832
13013,482218
13014,458265
13015,463935
13016,463115
13017,481063
13018,486504
13019,463009
13020,481027
13021,457577
13022,464019
13023,463048
13024,463910
13025,475810
13026,471061
13027,457595
13028,481165
13029,486451
13030,471417
13031,464036
13032,471521
13033,463995
13034,482001
13035,457957
13036,481914
13037,475972
13038,471614
13039,486280
13040,463388
13041,463571
13042,463170
13043,476319
13044,476389
13045,481508
13046,481743
13047,38149
13048,416235
13049,292889
13050,43593
13051,290319
13052,7060
13053,283400
13054,394419
13055,125670
13056,479631
13057,477582
13058,332371
13059,278400
13060,108859
13061,312307
13062,322182
13063,304525
13064,332318
13065,273898
13066,327281
13067,182254
13068,450487
13069,325016
13070,112623
13071,211489
13072,348817
13073,221252
13074,367868
13075,27876
13076,59875
13077,344761
13078,378287
13079,6427
13080,103893
13081,110640
13082,424620
13083,40987
13084,262503
13085,210758
13086,122447
13087,391660
13088,341259
13089,60090
13090,224255
13091,106391
13092,404491
13093,174452
13094,250494
13095,409594
13096,94218
13097,184798
13098,82413
13099,156563
13100,124181
13101,473018
13102,156297
13103,128799
13104,351428
13105,42241
13106,447825
13107,77672
13108,324833
13109,53815
13110,285898
13111,210759
13112,129851
13113,398096
13114,221668
13115,360463
13116,358252
13117,214058
13118,468318
13119,222662
13120,399240
13121,126461
13122,369937
13123,328685
13124,434647
13125,19482
13126,176039
13127,219823
13128,304981
13129,170600
13130,186138
13131,359139
13132,412786
13133,267331
13134,42608
13135,300449
13136,186359
13137,214216
13138,374070
13139,1341
13140,38980
13141,45145
13142,282603
13143,233025
13144,309942
13145,344912
13146,8009
13147,484447
13148,83745
13149,214646
13150,127274
13151,40043
13152,358349
13153,40512
13154,368433
13155,293402
13156,221975
13157,55057
13158,16890
13159,66926
13160,242131
13161,339096
13162,87829
13163,15145
13164,166383
13165,98429
13166,460674
13167,77123
13168,434934
13169,242666
13170,216539
13171,375622
13172,69344
13173,30096
13174,397361
13175,63313
13176,111168
13177,194947
13178,15225
13179,213992
13180,319245
13181,204993
13182,83831
13183,53274
13184,333909
13185,398460
13186,202442
13187,83509
13188,123597
13189,448705
13190,277969
13191,390754
13192,103313
13193,6614
13194,132124
13195,49144
13196,387495
13197,342563
13198,344440
13199,440489
13200,420310
13201,245052
13202,41787
13203,165965
13204,399847
13205,307585
13206,106319
13207,308431
13208,331015
13209,43054
13210,392459
13211,478354
13212,242000
13213,2528
13214,433987
13215,388240
13216,171226
13217,226226
13218,197911
13219,3393
13220,196708
13221,27687
13222,125882
13223,210058
13224,268283
13225,442806
13226,374320
13227,190363
13228,393624
13229,388255
13230,312353
13231,35201
13232,91141
13233,316676
13234,306275
13235,249450
13236,106804
13237,439261
13238,129040
13239,230904
13240,174059
13241,440686
13242,409553
13243,284394
13244,155783
13245,292833
13246,339241
13247,397767
13248,299963
13249,109159
13250,103926
13251,237146
13252,241118
13253,356241
13254,38797
13255,18091
13256,417655
13257,118253
13258,311448
13259,107451
13260,459372
13261,323282
13262,320972
13263,336267
13264,229030
13265,34831
13266,245500
13267,8330
13268,197233
13269,467960
13270,295828
13271,170131
13272,471776
13273,450640
13274,467140
13275,341159
13276,124695
13277,360385
13278,392704
13279,267084
13280,67110
13281,198081
13282,41117
13283,83759
13284,272883
13285,135437
13286,121292
13287,414226
13288,283995
13289,447068
13290,350196
13291,378593
13292,325204
13293,29178
13294,308845
13295,186681
13296,309593
13297,14221
13298,286644
13299,329043
13300,263638
13301,110369
13302,151567
13303,388700
13304,302178
13305,419727
13306,467955
13307,125720
13308,464534
13309,416604
13310,398369
13311,35511
13312,312908
13313,399141
13314,127549
13315,472826
13316,286791
13317,286390
13318,346567
13319,416937
13320,255443
13321,227516
13322,227411
13323,346158
13324,262171
13325,199241
13326,116676
13327,73514
13328,8125
13329,35488
13330,305636
13331,242631
13332,336312
13333,350831
13334,63454
13335,92277
13336,226122
13337,120539
13338,8082
13339,352485
13340,181681
13341,381584
13342,102618
13343,42044
13344,91075
13345,113259
13346,485573
13347,344626
13348,343503
13349,226351
13350,28862
13351,393549
13352,282558
13353,128530
13354,361343
13355,154465
13356,338453
13357,228140
13358,166482
13359,34746
13360,312610
13361,434383
13362,377864
13363,91568
13364,338429
13365,185428
13366,26247
13367,305933
13368,418379
13369,315845
13370,231628
13371,447327
13372,346966
13373,346122
13374,447995
13375,22524
13376,74108
13377,412644
13378,45970
13379,110831
13380,2741
13381,219542
13382,347603
13383,377820
13384,110385
13385,403951
13386,121027
13387,409031
13388,266768
13389,365712
13390,105284
13391,198032
13392,129904
13393,95220
13394,267897
13395,234806
13396,240660
13397,17215
13398,301568
13399,440596
13400,111526
13401,129018
13402,194838
13403,42303
13404,483872
13405,63354
13406,347288
13407,323783
13408,480714
13409,412404
13410,416836
13411,81010
13412,363182
13413,16377
13414,467451
13415,339234
13416,185084
13417,117064
13418,325949
13419,165822
13420,209083
13421,53125
13422,302409
13423,344563
13424,184822
13425,284780
13426,93183
13427,34767
13428,417613
13429,70175
13430,351945
13431,390726
13432,237002
13433,109366
13434,346887
13435,302550
13436,328906
13437,439810
13438,169123
13439,53860
13440,388093
13441,95074
13442,430120
13443,347418
13444,323824
13445,3386
13446,242644
13447,7319
13448,3201
13449,194617
13450,360541
13451,63510
13452,326300
13453,314793
13454,327924
13455,350777
13456,417028
13457,73424
13458,92727
13459,250575
13460,397399
13461,335355
13462,415194
13463,31792
13464,138474
13465,249938
13466,408682
13467,351122
13468,2673
13469,390253
13470,321732
13471,214446
13472,322013
13473,428639
13474,39893
13475,387950
13476,394454
13477,187654
13478,424335
13479,323098
13480,262147
13481,472850
13482,270584
13483,270261
13484,341101
13485,445005
13486,209914
13487,108810
13488,443014
13489,16766
13490,243390
13491,363925
13492,476794
13493,43369
13494,236686
13495,216988
13496,395580
13497,174457
13498,102667
13499,216611
13500,223
13501,245464
13502,376089
13503,309923
13504,359350
13505,176102
13506,331075
13507,346171
13508,292753
13509,348621
13510,266996
13511,185287
13512,314568
13513,129074
13514,340852
13515,186395
13516,433371
13517,26433
13518,429099
13519,190224
13520,192304
13521,232504
13522,283947
13523,302626
13524,208468
13525,207320
13526,354139
13527,106623
13528,456418
13529,129871
13530,235237
13531,358798
13532,381767
13533,144632
13534,210491
13535,285326
13536,236938
13537,464087
13538,468161
13539,92652
13540,54987
13541,232937
13542,237328
13543,295653
13544,403756
13545,27967
13546,447067
13547,284742
13548,460085
13549,366774
13550,363437
13551,478630
13552,211097
13553,97581
13554,182286
13555,237338
13556,438326
13557,450597
13558,405088
13559,34576
13560,308356
13561,124078
13562,117043
13563,221905
13564,285933
13565,478349
13566,390855
13567,469869
13568,113120
13569,283420
13570,144388
13571,372235
13572,450353
13573,118246
13574,839
13575,408683
13576,394322
13577,233852
13578,477934
13579,391757
13580,53130
13581,88189
13582,173881
13583,233106
13584,352015
13585,438563
13586,121407
13587,207043
13588,160936
13589,458518
13590,87347
13591,419725
13592,381273
13593,424413
13594,454775
13595,223834
13596,144597
13597,83310
13598,454425
13599,473690
13600,286507
13601,808
13602,439438
13603,455656
13604,181891
13605,355323
13606,439236
13607,92469
13608,334055
13609,346561
13610,370010
13611,228547
13612,16548
13613,240580
13614,2137
13615,339097
13616,156246
13617,31613
13618,442138
13619,307306
13620,84918
13621,376044
13622,404776
13623,435540
13624,281394
13625,108946
13626,351783
13627,335148
13628,41889
13629,400451
13630,103346
13631,282578
13632,197526
13633,199851
13634,45884
13635,458675
13636,272384
13637,223540
13638,414380
13639,42526
13640,95247
13641,39572
13642,321048
13643,318360
13644,307204
13645,154012
13646,118304
13647,12322
13648,235177
13649,425335
13650,300673
13651,400551
13652,295781
13653,316271
13654,334426
13655,91606
13656,483739
13657,60399
13658,381358
13659,6936
13660,340786
13661,313301
13662,248551
13663,129458
13664,214182
13665,302650
13666,237515
13667,286118
13668,84795
13669,418065
13670,210929
13671,227757
13672,145637
13673,216680
13674,439154
13675,225301
13676,398528
13677,243318
13678,299768
13679,351653
13680,232600
13681,486612
13682,74842
13683,294849
13684,255413
13685,237412
13686,268393
13687,98316
13688,424750
13689,70327
13690,480869
13691,395514
13692,76627
13693,425329
13694,400065
13695,30637
13696,114694
13697,186909
13698,294932
13699,268285
13700,485190
13701,353863
13702,314952
13703,433390
13704,132211
13705,388726
13706,390011
13707,205228
13708,107514
13709,54975
13710,95699
13711,12922
13712,126415
13713,323438
13714,254553
13715,29847
13716,206974
13717,419388
13718,477872
13719,206991
13720,136693
13721,240383
13722,81558
13723,300546
13724,302771
13725,417393
13726,439620
13727,414634
13728,221445
13729,197904
13730,151563
13731,409108
13732,139733
13733,225167
13734,251106
13735,450532
13736,90933
13737,225288
13738,45280
13739,199424
13740,124561
13741,210779
13742,286965
13743,43522
13744,408199
13745,240326
13746,475638
13747,234387
13748,470186
13749,210232
13750,135211
13751,452381
13752,390528
13753,175860
13754,465242
13755,132901
13756,334202
13757,408666
13758,306039
13759,139169
13760,464963
13761,190361
13762,135674
13763,358836
13764,12914
13765,129063
13766,49356
13767,433583
13768,414376
13769,471898
13770,56517
13771,39244
13772,80954
13773,263942
13774,131481
13775,467376
13776,479590
13777,199044
13778,346677
13779,8090
13780,384020
13781,29346
13782,292734
13783,308672
13784,398228
13785,363254
13786,223743
13787,55711
13788,359830
13789,321745
13790,375495
13791,210202
13792,108499
13793,126411
13794,41312
13795,144651
13796,397530
13797,42261
13798,260473
13799,294042
13800,398013
13801,315873
13802,214641
13803,2127
13804,224300
13805,480365
13806,317753
13807,45865
13808,360959
13809,228383
13810,470270
13811,355442
13812,381622
13813,28475
13814,257758
13815,154034
13816,412730
13817,460903
13818,361363
13819,262634
13820,258599
13821,295404
13822,480303
13823,316172
13824,97729
13825,190392
13826,160680
13827,318119
13828,26873
13829,473578
13830,446588
13831,439291
13832,423602
13833,128759
13834,208621
13835,198475
13836,448303
13837,15324
13838,391076
13839,196452
13840,327851
13841,346515
13842,22791
13843,12412
13844,186788
13845,324957
13846,291544
13847,261993
13848,2992
13849,455211
13850,174349
13851,266798
13852,165604
13853,396980
13854,234724
13855,73434
13856,398814
13857,284609
13858,460851
13859,305288
13860,221196
13861,307934
13862,126509
13863,438780
13864,465885
13865,40622
13866,474450
13867,107225
13868,145825
13869,318827
13870,45076
13871,202551
13872,198278
13873,323711
13874,455899
13875,384836
13876,236613
13877,478329
13878,196688
13879,316204
13880,354991
13881,185190
13882,12740
13883,306544
13884,251253
13885,384435
13886,217329
13887,374449
13888,311639
13889,412740
13890,327228
13891,443767
13892,409177
13893,12510
13894,357139
13895,254496
13896,170810
13897,296960
13898,352664
13899,139892
13900,435430
13901,424824
13902,115404
13903,60320
13904,345993
13905,249436
13906,16252
13907,42533
13908,439821
13909,82169
13910,77989
13911,151678
13912,340680
13913,63734
13914,346091
13915,284401
13916,274835
13917,408743
13918,365758
13919,151688
13920,140628
13921,56714
13922,474181
13923,238743
13924,310311
13925,465786
13926,15194
13927,73265
13928,56900
13929,477658
13930,482752
13931,228616
13932,198988
13933,189898
13934,139325
13935,392955
13936,368690
13937,458989
13938,304920
13939,413977
13940,345919
13941,329639
13942,474441
13943,368382
13944,428368
13945,209011
13946,393162
13947,238780
13948,205253
13949,351441
13950,140624
13951,84570
13952,233133
13953,283798
13954,99582
13955,293537
13956,98331
13957,197219
13958,330874
13959,455
13960,27006
13961,206781
13962,190219
13963,465612
13964,442972
13965,263873
13966,396484
13967,413968
13968,344409
13969,261087
13970,342596
13971,60321
13972,344744
13973,278311
13974,123578
13975,227595
13976,359779
13977,415844
13978,199499
13979,350853
13980,413463
13981,208921
13982,400361
13983,336534
13984,301124
13985,459941
13986,197439
13987,304423
13988,140822
13989,242695
13990,140519
13991,291929
13992,337841
13993,119101
13994,108546
13995,464905
13996,237142
13997,413764
13998,118127
13999,154500
14000,471928
14001,38570
14002,76465
14003,245120
14004,121534
14005,460312
14006,438746
14007,35092
14008,477672
14009,94806
14010,465147
14011,38913
14012,317825
14013,354545
14014,403719
14015,417367
14016,369026
14017,123766
14018,445129
14019,7189
14020,348311
14021,301096
14022,383979
14023,237364
14024,337858
14025,284896
14026,132129
14027,343838
14028,19463
14029,213988
14030,363924
14031,19104
14032,197395
14033,342567
14034,7574
14035,117453
14036,7419
14037,417615
14038,255258
14039,76828
14040,470136
14041,455989
14042,128038
14043,454895
14044,121490
14045,140970
14046,240292
14047,94842
14048,107376
14049,268078
14050,318184
14051,35445
14052,107302
14053,469347
14054,2336
14055,321304
14056,241864
14057,349550
14058,98339
14059,361871
14060,394231
14061,86601
14062,117116
14063,268343
14064,353233
14065,30632
14066,290603
14067,231212
14068,151671
14069,487824
14070,353871
14071,381446
14072,272730
14073,80872
14074,247683
14075,187291
14076,239058
14077,305889
14078,208570
14079,93
14080,458814
14081,469358
14082,311139
14083,440255
14084,127731
14085,460529
14086,174288
14087,393064
14088,316181
14089,419090
14090,250369
14091,339533
14092,186724
14093,424420
14094,221558
14095,140615
14096,438174
14097,151667
14098,3091
14099,316142
14100,2679
14101,274117
14102,242381
14103,98508
14104,347185
14105,87842
14106,328674
14107,198354
14108,235274
14109,108956
14110,84131
14111,303614
14112,442908
14113,127057
14114,205143
14115,150901
14116,139051
14117,166471
14118,412877
14119,285070
14120,260639
14121,222890
14122,291964
14123,103733
14124,291634
14125,374596
14126,227153
14127,278963
14128,292883
14129,247915
14130,419802
14131,483808
14132,48557
14133,255092
14134,400532
14135,105043
14136,339172
14137,460575
14138,316193
14139,433480
14140,31741
14141,442405
14142,398009
14143,425059
14144,351038
14145,248152
14146,190629
14147,399184
14148,325033
14149,301014
14150,247825
14151,425718
14152,419322
14153,303768
14154,168602
14155,250463
14156,145683
14157,443735
14158,171045
14159,356535
14160,475524
14161,193123
14162,349903
14163,323226
14164,429964
14165,22506
14166,78145
14167,484748
14168,397004
14169,368509
14170,371757
14171,67276
14172,400346
14173,385413
14174,13066
14175,285925
14176,139919
14177,296200
14178,81667
14179,369808
14180,181186
14181,433327
14182,197351
14183,318181
14184,317574
14185,242137
14186,294722
14187,332716
14188,400680
14189,285245
14190,354105
14191,324604
14192,239560
14193,193056
14194,93169
14195,231035
14196,150653
14197,64357
14198,231505
14199,92348
14200,460623
14201,34740
14202,370177
14203,454952
14204,137979
14205,248334
14206,296057
14207,93652
14208,123945
14209,363732
14210,48969
14211,340103
14212,118125
14213,448598
14214,60116
14215,196921
14216,329246
14217,303608
14218,454196
14219,384524
14220,345492
14221,27674
14222,305138
14223,211073
14224,476811
14225,16332
14226,14265
14227,486704
14228,408591
14229,214450
14230,301459
14231,928
14232,482499
14233,7510
14234,395208
14235,39182
14236,354700
14237,308309
14238,249723
14239,56727
14240,375712
14241,454533
14242,255894
14243,7597
14244,384633
14245,304720
14246,306430
14247,380410
14248,194677
14249,394819
14250,366841
14251,440399
14252,77149
14253,472013
14254,318962
14255,354893
14256,103473
14257,450700
14258,361647
14259,153904
14260,15339
14261,404034
14262,40731
14263,113139
14264,181445
14265,397492
14266,408405
14267,131181
14268,12165
14269,121507
14270,86869
14271,307928
14272,18096
14273,313510
14274,159919
14275,338778
14276,237228
14277,27050
14278,238917
14279,128676
14280,42132
14281,7796
14282,438202
14283,268188
14284,63271
14285,381878
14286,447105
14287,199662
14288,351492
14289,336622
14290,104938
14291,198619
14292,44725
14293,450461
14294,453933
14295,272342
14296,56551
14297,367217
14298,201987
14299,480885
14300,436395
14301,344841
14302,438613
14303,313441
14304,60241
14305,396231
14306,478482
14307,78053
14308,444269
14309,469414
14310,308649
14311,241872
14312,145892
14313,366707
14314,258557
14315,296435
14316,231219
14317,27096
14318,255518
14319,399567
14320,92766
14321,445502
14322,189846
14323,477657
14324,352141
14325,344039
14326,8112
14327,418102
14328,290822
14329,360121
14330,445517
14331,448288
14332,367971
14333,67139
14334,217326
14335,26615
14336,195318
14337,370128
14338,361223
14339,107100
14340,254579
14341,93744
14342,384169
14343,378011
14344,266667
14345,237152
14346,359944
14347,234661
14348,131360
14349,216762
14350,12529
14351,475555
14352,456101
14353,312163
14354,434955
14355,304807
14356,403936
14357,267104
14358,117073
14359,467967
14360,216993
14361,419067
14362,480368
14363,415753
14364,29469
14365,433438
14366,103528
14367,445489
14368,460778
14369,139634
14370,26989
14371,7874
14372,38256
14373,474514
14374,66101
14375,359761
14376,394703
14377,67147
14378,301323
14379,451005
14380,460691
14381,38926
14382,262334
14383,312301
14384,322844
14385,435277
14386,372423
14387,138674
14388,388019
14389,53216
14390,300685
14391,300646
14392,262195
14393,455908
14394,94282
14395,249173
14396,377756
14397,258366
14398,389890
14399,140551
14400,478020
14401,455919
14402,244975
14403,369773
14404,290635
14405,482794
14406,129150
14407,165836
14408,398821
14409,460253
14410,314242
14411,417315
14412,413101
14413,348236
14414,467240
14415,480718
14416,318843
14417,249366
14418,433827
14419,190154
14420,103537
14421,296688
14422,295968
14423,416333
14424,293245
14425,297084
14426,104739
14427,194811
14428,351674
14429,302168
14430,74762
14431,38059
14432,408813
14433,92779
14434,17765
14435,219166
14436,211311
14437,22556
14438,29984
14439,268606
14440,465296
14441,240074
14442,408866
14443,349302
14444,170560
14445,140948
14446,384475
14447,237464
14448,314329
14449,346535
14450,435612
14451,165968
14452,123024
14453,196883
14454,321512
14455,104570
14456,352196
14457,175814
14458,132818
14459,318104
14460,41083
14461,234802
14462,272599
14463,389719
14464,329622
14465,324319
14466,248440
14467,357352
14468,420576
14469,31981
14470,40521
14471,374118
14472,55460
14473,469029
14474,182082
14475,262405
14476,334648
14477,184993
14478,53099
14479,413900
14480,353185
14481,307442
14482,307740
14483,284765
14484,273097
14485,6926
14486,388688
14487,331768
14488,126007
14489,302480
14490,234562
14491,199516
14492,228601
14493,375682
14494,129352
14495,439736
14496,118316
14497,124526
14498,247766
14499,124366
14500,63578
14501,222737
14502,312523
14503,416737
14504,285112
14505,196553
14506,250654
14507,444333
14508,413466
14509,8334
14510,17984
14511,454004
14512,91427
14513,304926
14514,400891
14515,429868
14516,73277
14517,465220
14518,235870
14519,413156
14520,102405
14521,478610
14522,99651
14523,129495
14524,304487
14525,306088
14526,128760
14527,408360
14528,391599
14529,388745
14530,439115
14531,262772
14532,226446
14533,112434
14534,381661
14535,428663
14536,84765
14537,124319
14538,74695
14539,380358
14540,414304
14541,365701
14542,153937
14543,381945
14544,95615
14545,323239
14546,395676
14547,221988
14548,210209
14549,303747
14550,175176
14551,250497
14552,232321
14553,17455
14554,94572
14555,45360
14556,108448
14557,94800
14558,392697
14559,55695
14560,294496
14561,351181
14562,416786
14563,359883
14564,127987
14565,242315
14566,181977
14567,270782
14568,115172
14569,285293
14570,326098
14571,330919
14572,335393
14573,396782
14574,428795
14575,195237
14576,116610
14577,122660
14578,307523
14579,1083
14580,26753
14581,398367
14582,198597
14583,323618
14584,201619
14585,181656
14586,394634
14587,170848
14588,438392
14589,359978
14590,387265
14591,438131
14592,330469
14593,414176
14594,337380
14595,185451
14596,110545
14597,311162
14598,338918
14599,186448
14600,221540
14601,397851
14602,197407
14603,302703
14604,356573
14605,66402
14606,249219
14607,210905
14608,67233
14609,375658
14610,274120
14611,330698
14612,376143
14613,159469
14614,415583
14615,445639
14616,19441
14617,233094
14618,131370
14619,42919
14620,483748
14621,160557
14622,412752
14623,166203
14624,291547
14625,357476
14626,118286
14627,126265
14628,2599
14629,284981
14630,92550
14631,247564
14632,230981
14633,16840
14634,282632
14635,301339
14636,38734
14637,400557
14638,95588
14639,274636
14640,267217
14641,254232
14642,390878
14643,156568
14644,291395
14645,98328
14646,196434
14647,412434
14648,118157
14649,73487
14650,155383
14651,399355
14652,241259
14653,181684
14654,102735
14655,93241
14656,474001
14657,12761
14658,17392
14659,39186
14660,439603
14661,53052
14662,389932
14663,394336
14664,16430
14665,76864
14666,384093
14667,443814
14668,485872
14669,368663
14670,221878
14671,151610
14672,174311
14673,263775
14674,107316
14675,284443
14676,468298
14677,116646
14678,112317
14679,331438
14680,270629
14681,342860
14682,397263
14683,441977
14684,241240
14685,335300
14686,351980
14687,243257
14688,274899
14689,209818
14690,303770
14691,405034
14692,418761
14693,438738
14694,488328
14695,139295
14696,294282
14697,159237
14698,175311
14699,209884
14700,76553
14701,260987
14702,17899
14703,211670
14704,303210
14705,468032
14706,321940
14707,480026
14708,312622
14709,175195
14710,304930
14711,291338
14712,322035
14713,240191
14714,161011
14715,291498
14716,210570
14717,198767
14718,443482
14719,39615
14720,413317
14721,379316
14722,330661
14723,439241
14724,297120
14725,435312
14726,267228
14727,8247
14728,428688
14729,115534
14730,28432
14731,397676
14732,240890
14733,122185
14734,347945
14735,105176
14736,479885
14737,378752
14738,295475
14739,472791
14740,155545
14741,273796
14742,479802
14743,430107
14744,31454
14745,103760
14746,366728
14747,92507
14748,334087
14749,60258
14750,419497
14751,433985
14752,409201
14753,48374
14754,451012
14755,320935
14756,287187
14757,250472
14758,210467
14759,29441
14760,199349
14761,400983
14762,300116
14763,442306
14764,368311
14765,391837
14766,352551
14767,126223
14768,153874
14769,228920
14770,186372
14771,479659
14772,332311
14773,417448
14774,387318
14775,348814
14776,412831
14777,151577
14778,251062
14779,399020
14780,327136
14781,16328
14782,244955
14783,77667
14784,462608
14785,278675
14786,332763
14787,334678
14788,375809
14789,401036
14790,94897
14791,308774
14792,59320
14793,471979
14794,403753
14795,192619
14796,228384
14797,307817
14798,396530
14799,473923
14800,235897
14801,112421
14802,334806
14803,170808
14804,30542
14805,315887
14806,173792
14807,192827
14808,236451
14809,196867
14810,216674
14811,267036
14812,365962
14813,257938
14814,430401
14815,309769
14816,307875
14817,414432
14818,312963
14819,31154
14820,352866
14821,26425
14822,266963
14823,417259
14824,41479
14825,245150
14826,257884
14827,155326
14828,78209
14829,315938
14830,473846
14831,416237
14832,384390
14833,34918
14834,168704
14835,333259
14836,66134
14837,97595
14838,138938
14839,97669
14840,224026
14841,400276
14842,360494
14843,294783
14844,375559
14845,300335
14846,260776
14847,125862
14848,1031
14849,405049
14850,261062
14851,409196
14852,404060
14853,458662
14854,123008
14855,283362
14856,321842
14857,234184
14858,83524
14859,230766
14860,321434
14861,450860
14862,60049
14863,488199
14864,430281
14865,240225
14866,466715
14867,222924
14868,145840
14869,241495
14870,375691
14871,436137
14872,267338
14873,283704
14874,332289
14875,241498
14876,239509
14877,175869
14878,301222
14879,222782
14880,139250
14881,201853
14882,473921
14883,104665
14884,235821
14885,368338
14886,40099
14887,145634
14888,194832
14889,250573
14890,385371
14891,366103
14892,45290
14893,166027
14894,103950
14895,145756
14896,310001
14897,308249
14898,378444
14899,290827
14900,385131
14901,234822
14902,418526
14903,1187
14904,105293
14905,225329
14906,343160
14907,14589
14908,294797
14909,17809
14910,423914
14911,435040
14912,236310
14913,262726
14914,317889
14915,404617
14916,454324
14917,458508
14918,228175
14919,417786
14920,225988
14921,338935
14922,257866
14923,308360
14924,184780
14925,173789
14926,217152
14927,132687
14928,208609
14929,118867
14930,6324
14931,347607
14932,396589
14933,460920
14934,414045
14935,240510
14936,221276
14937,350943
14938,366086
14939,236488
14940,317798
14941,355680
14942,458483
14943,425630
14944,323763
14945,315874
14946,137469
14947,435449
14948,124875
14949,420001
14950,130985
14951,242307
14952,39126
14953,272650
14954,303363
14955,311473
14956,341030
14957,290252
14958,268370
14959,327176
14960,40671
14961,372320
14962,114640
14963,287424
14964,132251
14965,98485
14966,442423
14967,338884
14968,155451
14969,40985
14970,369219
14971,208382
14972,229023
14973,69133
14974,357496
14975,39311
14976,59834
14977,16694
14978,236297
14979,106294
14980,284046
14981,435560
14982,262112
14983,208950
14984,309722
14985,277876
14986,118145
14987,333132
14988,95639
14989,207060
14990,242625
14991,488246
14992,305070
14993,238896
14994,326186
14995,130990
14996,291695
14997,216791
14998,387956
14999,300026
15000,327593
15001,330551
15002,418980
15003,313029
15004,379165
15005,436442
15006,108694
15007,140824
15008,438636
15009,317941
15010,394935
15011,119263
15012,333182
15013,305320
15014,291321
15015,156951
15016,284413
15017,313143
15018,166098
15019,404286
15020,83318
15021,155830
15022,349258
15023,301732
15024,98006
15025,84588
15026,366638
15027,223579
15028,301703
15029,368032
15030,43119
15031,415961
15032,347329
15033,476749
15034,190302
15035,478378
15036,352646
15037,335375
15038,451417
15039,219775
15040,106419
15041,335039
15042,262084
15043,329037
15044,324343
15045,155381
15046,82568
15047,304836
15048,361403
15049,336730
15050,155584
15051,84883
15052,398475
15053,234689
15054,381398
15055,378924
15056,474569
15057,28832
15058,73445
15059,262600
15060,42280
15061,236486
15062,91288
15063,206961
15064,93650
15065,345447
15066,335360
15067,32016
15068,243194
15069,17636
15070,359143
15071,111412
15072,258278
15073,412598
15074,303638
15075,49269
15076,123083
15077,205008
15078,98379
15079,417746
15080,310071
15081,345692
15082,391633
15083,249644
15084,168809
15085,87406
15086,188141
15087,102708
15088,247777
15089,327813
15090,110425
15091,99502
15092,424213
15093,344751
15094,87404
15095,161020
15096,114682
15097,169823
15098,385101
15099,181399
15100,28448
15101,447065
15102,295866
15103,390956
15104,396459
15105,332003
15106,42993
15107,156341
15108,268626
15109,395157
15110,211464
15111,326613
15112,387506
15113,63715
15114,394598
15115,208816
15116,124998
15117,56826
15118,330445
15119,274672
15120,415352
15121,39602
15122,65881
15123,241006
15124,273956
15125,485167
15126,12264
15127,286046
15128,398524
15129,38598
15130,130234
15131,113093
15132,398915
15133,139631
15134,319127
15135,35111
15136,445081
15137,325827
15138,119220
15139,400650
15140,428978
15141,55653
15142,321949
15143,321004
15144,420428
15145,349457
15146,360417
15147,418267
15148,270610
15149,138472
15150,106596
15151,342854
15152,354867
15153,17294
15154,132100
15155,395454
15156,436372
15157,306017
15158,92541
15159,436296
15160,396565
15161,14225
15162,199748
15163,140584
15164,315799
15165,456960
15166,196592
15167,114710
15168,60132
15169,204597
15170,231732
15171,336515
15172,238667
15173,130059
15174,398431
15175,368089
15176,187774
15177,327131
15178,19354
15179,52546
15180,169666
15181,208594
15182,121285
15183,105157
15184,49242
15185,175247
15186,81537
15187,226158
15188,268631
15189,112980
15190,69276
15191,99427
15192,474044
15193,334203
15194,181538
15195,126053
15196,439235
15197,439867
15198,166413
15199,160856
15200,323272
15201,420585
15202,390617
15203,415237
15204,433888
15205,225865
15206,387516
15207,22695
15208,336848
15209,451102
15210,102352
15211,250826
15212,31691
15213,282616
15214,351241
15215,424395
15216,257961
15217,48435
15218,360340
15219,474334
15220,29481
15221,83517
15222,235795
15223,156245
15224,357278
15225,460747
15226,156021
15227,29917
15228,175148
15229,17393
15230,392854
15231,15997
15232,29440
15233,457059
15234,329804
15235,429905
15236,320196
15237,467145
15238,197317
15239,424005
15240,480054
15241,343632
15242,286658
15243,14013
15244,367931
15245,63200
15246,237091
15247,440006
15248,55398
15249,418241
15250,136694
15251,439220
15252,292825
15253,243120
15254,433581
15255,155543
15256,307113
15257,351705
15258,384946
15259,56553
15260,291268
15261,234441
15262,278771
15263,302890
15264,92701
15265,358705
15266,7431
15267,19413
15268,231314
15269,197979
15270,242271
15271,181651
15272,462054
15273,247709
15274,466076
15275,419530
15276,87137
15277,374489
15278,224125
15279,329763
15280,39950
15281,344826
15282,408151
15283,86615
15284,464930
15285,251107
15286,222876
15287,214241
15288,35271
15289,321921
15290,60001
15291,239485
15292,241064
15293,88400
15294,350264
15295,110912
15296,117304
15297,442446
15298,155770
15299,110803
15300,159614
15301,41356
15302,294678
15303,169152
15304,63813
15305,453706
15306,477403
15307,378159
15308,87418
15309,326682
15310,339922
15311,83714
15312,425645
15313,461793
15314,381165
15315,6840
15316,390847
15317,313061
15318,414620
15319,248481
15320,245167
15321,258260
15322,34457
15323,368420
15324,290191
15325,404571
15326,391631
15327,418807
15328,329163
15329,46350
15330,443859
15331,120294
15332,457035
15333,208458
15334,340629
15335,302624
15336,350298
15337,201665
15338,283379
15339,263539
15340,223317
15341,151015
15342,435
15343,228999
15344,135785
15345,76506
15346,154199
15347,424914
15348,56692
15349,333345
15350,184871
15351,339834
15352,451953
15353,438669
15354,320735
15355,107053
15356,429977
15357,104561
15358,296048
15359,428711
15360,239098
15361,240120
15362,310177
15363,199233
15364,26235
15365,21964
15366,294817
15367,195041
15368,237058
15369,346856
15370,31425
15371,121012
15372,30521
15373,371848
15374,429241
15375,340284
15376,102665
15377,333656
15378,2363
15379,217228
15380,315830
15381,455603
15382,122694
15383,170714
15384,400129
15385,337417
15386,66252
15387,258646
15388,371942
15389,278708
15390,109568
15391,216899
15392,387960
15393,440726
15394,329148
15395,242090
15396,43671
15397,135779
15398,224950
15399,204620
15400,120365
15401,240184
15402,109310
15403,462341
15404,321775
15405,292971
15406,419306
15407,137809
15408,363721
15409,65952
15410,14952
15411,359238
15412,360342
15413,455165
15414,448233
15415,111351
15416,110381
15417,196965
15418,81747
15419,442919
15420,475740
15421,408924
15422,284066
15423,387599
15424,94170
15425,2556
15426,127713
15427,160614
15428,138908
15429,374528
15430,170887
15431,1365
15432,192309
15433,214665
15434,15185
15435,140756
15436,274920
15437,460560
15438,97553
15439,341616
15440,168430
15441,175258
15442,125803
15443,344353
15444,144131
15445,150787
15446,129012
15447,181284
15448,309865
15449,83443
15450,52523
15451,87110
15452,286911
15453,472863
15454,38407
15455,363725
15456,67100
15457,77132
15458,464082
15459,127301
15460,82231
15461,458569
15462,350095
15463,235232
15464,434284
15465,106759
15466,434554
15467,107198
15468,286463
15469,35427
15470,7092
15471,29111
15472,67332
15473,408903
15474,35515
15475,284402
15476,157065
15477,444384
15478,398570
15479,439275
15480,417123
15481,94965
15482,198733
15483,341432
15484,337438
15485,16295
15486,484533
15487,26936
15488,387865
15489,30625
15490,113042
15491,437794
15492,111403
15493,302807
15494,64146
15495,310152
15496,479964
15497,170208
15498,395041
15499,318248
15500,381735
15501,313276
15502,418774
15503,341724
15504,7866
15505,330749
15506,473019
15507,307609
15508,435095
15509,438386
15510,74490
15511,41920
15512,92575
15513,12173
15514,440265
15515,27905
15516,301580
15517,111482
15518,324824
15519,424403
15520,358870
15521,393307
15522,381652
15523,186481
15524,42773
15525,189889
15526,302190
15527,31843
15528,235478
15529,330886
15530,388176
15531,140840
15532,437555
15533,468011
15534,456179
15535,437653
15536,331622
15537,436392
15538,461308
15539,353088
15540,93207
15541,318099
15542,306530
15543,344453
15544,335213
15545,132069
15546,64566
15547,360149
15548,258054
15549,344429
15550,327912
15551,258430
15552,122184
15553,453906
15554,397807
15555,251043
15556,262048
15557,76580
15558,12127
15559,379389
15560,350102
15561,444546
15562,159444
15563,109468
15564,38597
15565,53852
15566,465074
15567,210385
15568,225926
15569,255794
15570,240412
15571,385320
15572,292681
15573,446967
15574,323378
15575,159488
15576,458683
15577,35328
15578,12796
15579,18090
15580,27774
15581,192980
15582,110241
15583,351987
15584,347430
15585,83525
15586,43206
15587,240497
15588,343270
15589,59014
15590,154333
15591,468898
15592,387208
15593,13881
15594,415533
15595,399499
15596,83802
15597,52571
15598,197901
15599,2734
15600,130253
15601,333644
15602,366128
15603,17894
15604,365955
15605,190418
15606,99854
15607,415266
15608,255109
15609,190027
15610,249878
15611,361635
15612,478589
15613,359988
15614,29901
15615,140549
15616,6377
15617,132941
15618,266940
15619,32042
15620,328376
15621,301614
15622,357321
15623,49415
15624,43278
15625,15524
15626,445164
15627,258482
15628,213708
15629,255047
15630,419445
15631,329541
15632,18128
15633,355814
15634,140556
15635,22490
15636,151530
15637,418339
15638,413731
15639,173894
15640,366591
15641,485265
15642,111401
15643,198252
15644,416206
15645,185284
15646,16458
15647,377549
15648,103545
15649,318426
15650,350139
15651,464920
15652,400382
15653,45217
15654,293331
15655,444805
15656,185064
15657,175206
15658,334329
15659,116671
15660,124102
15661,140879
15662,357255
15663,267685
15664,435329
15665,144724
15666,240604
15667,138734
15668,324194
15669,223597
15670,3269
15671,300016
15672,125796
15673,40244
15674,41487
15675,451991
15676,74114
15677,94006
15678,115142
15679,328746
15680,418121
15681,302974
15682,41823
15683,242059
15684,400679
15685,321746
15686,241534
15687,329434
15688,311418
15689,35189
15690,91801
15691,7897
15692,66362
15693,465903
15694,286413
15695,7412
15696,222715
15697,233171
15698,185164
15699,460332
15700,224158
15701,88280
15702,478040
15703,341043
15704,434649
15705,418429
15706,303951
15707,169583
15708,124964
15709,31695
15710,372181
15711,144576
15712,444765
15713,318936
15714,400298
15715,1259
15716,209690
15717,424349
15718,409403
15719,416308
15720,445014
15721,159460
15722,234758
15723,117089
15724,412994
15725,454946
15726,99505
15727,283324
15728,60423
15729,202161
15730,440666
15731,356234
15732,66689
15733,175751
15734,417404
15735,106287
15736,156693
15737,197002
15738,219252
15739,140414
15740,425552
15741,258013
15742,237467
15743,295091
15744,102526
15745,204916
15746,413950
15747,388262
15748,450862
15749,124010
15750,115091
15751,56164
15752,359165
15753,83933
15754,268297
15755,40752
15756,78144
15757,451948
15758,378072
15759,436228
15760,22236
15761,156676
15762,455622
15763,320504
15764,323761
15765,192235
15766,123185
15767,234411
15768,429397
15769,109511
15770,445703
15771,187989
15772,223828
15773,45296
15774,354765
15775,395321
15776,480644
15777,451018
15778,416919
15779,74461
15780,443840
15781,344968
15782,263953
15783,55431
15784,237445
15785,93849
15786,390129
15787,192809
15788,139888
15789,281731
15790,267787
15791,176107
15792,321821
15793,135847
15794,186799
15795,419829
15796,114688
15797,434308
15798,446630
15799,230798
15800,230756
15801,477603
15802,204585
15803,117456
15804,474668
15805,225296
15806,331731
15807,63310
15808,275149
15809,360031
15810,451298
15811,308620
15812,300132
15813,28911
15814,73456
15815,213726
15816,304467
15817,375492
15818,39223
15819,434801
15820,356482
15821,371872
15822,69880
15823,29045
15824,168529
15825,159250
15826,480653
15827,214488
15828,369843
15829,355790
15830,355500
15831,412901
15832,181467
15833,82796
15834,209008
15835,209928
15836,267196
15837,127698
15838,455338
15839,317745
15840,285746
15841,408149
15842,343486
15843,185173
15844,435731
15845,185210
15846,116729
15847,52396
15848,132600
15849,7201
15850,176101
15851,67212
15852,17548
15853,455288
15854,365721
15855,353974
15856,398571
15857,244913
15858,255635
15859,273717
15860,249907
15861,297285
15862,17058
15863,45954
15864,219320
15865,237019
15866,396557
15867,187913
15868,316439
15869,1137
15870,385330
15871,419361
15872,308819
15873,233849
15874,17183
15875,99173
15876,400604
15877,342687
15878,477792
15879,186572
15880,393559
15881,366262
15882,34585
15883,399938
15884,45062
15885,209752
15886,332346
15887,151522
15888,392740
15889,6738
15890,284982
15891,323133
15892,95533
15893,294711
15894,327689
15895,97605
15896,124945
15897,242967
15898,209774
15899,343299
15900,485761
15901,458601
15902,255501
15903,156432
15904,235752
15905,361517
15906,356286
15907,6618
15908,82862
15909,484166
15910,97982
15911,409000
15912,319592
15913,327585
15914,206976
15915,425071
15916,254328
15917,480080
15918,130635
15919,344879
15920,29741
15921,313927
15922,18922
15923,95165
15924,78074
15925,394370
15926,231824
15927,49539
15928,349809
15929,413069
15930,416663
15931,312494
15932,341853
15933,387778
15934,367024
15935,38110
15936,42204
15937,168467
15938,302510
15939,442716
15940,34902
15941,385230
15942,303602
15943,413205
15944,414482
15945,352468
15946,353078
15947,440580
15948,42109
15949,194688
15950,413179
15951,175783
15952,416287
15953,366135
15954,317716
15955,18933
15956,247908
15957,340025
15958,223377
15959,88283
15960,326368
15961,429496
15962,140953
15963,109307
15964,398581
15965,299903
15966,379894
15967,367775
15968,88160
15969,1278
15970,484706
15971,428485
15972,53176
15973,400345
15974,456171
15975,466126
15976,138504
15977,82733
15978,283307
15979,145813
15980,210006
15981,450459
15982,366217
15983,419735
15984,409157
15985,326641
15986,340730
15987,329761
15988,433469
15989,393945
15990,328771
15991,63781
15992,284864
15993,287450
15994,105592
15995,444831
15996,480669
15997,331397
15998,202026
15999,249900
16000,358797
16001,8337
16002,424407
16003,348293
16004,400199
16005,418893
16006,209763
16007,324612
16008,408961
16009,40562
16010,13237
16011,128476
16012,35494
16013,236331
16014,105598
16015,435120
16016,241542
16017,145775
16018,254876
16019,232752
16020,307831
16021,140968
16022,485372
16023,305514
16024,450637
16025,433981
16026,39735
16027,270084
16028,291960
16029,354006
16030,316583
16031,128019
16032,360656
16033,15292
16034,6922
16035,405139
16036,240128
16037,66988
16038,35452
16039,243206
16040,109479
16041,294769
16042,397445
16043,365836
16044,187075
16045,380265
16046,234629
16047,358709
16048,175527
16049,196689
16050,80902
16051,329872
16052,28742
16053,270120
16054,320217
16055,13777
16056,358809
16057,30488
16058,340075
16059,233175
16060,398123
16061,45922
16062,429417
16063,394771
16064,438238
16065,442382
16066,16190
16067,305926
16068,318472
16069,350754
16070,263394
16071,322347
16072,205056
16073,488315
16074,336292
16075,354769
16076,88115
16077,225050
16078,213826
16079,436050
16080,139304
16081,113323
16082,423859
16083,81853
16084,104399
16085,22939
16086,94496
16087,131198
16088,82571
16089,420742
16090,429477
16091,300040
16092,139981
16093,93984
16094,453528
16095,63562
16096,428462
16097,355693
16098,110704
16099,331053
16100,397317
16101,108473
16102,393707
16103,355429
16104,355525
16105,295377
16106,103393
16107,155343
16108,356894
16109,382192
16110,400440
16111,295422
16112,423624
16113,376075
16114,77858
16115,420110
16116,297227
16117,458817
16118,230977
16119,160937
16120,17818
16121,475385
16122,356998
16123,442881
16124,387656
16125,263456
16126,145722
16127,308958
16128,290515
16129,469111
16130,131487
16131,450508
16132,186954
16133,232341
16134,391597
16135,185414
16136,414711
16137,454076
16138,428854
16139,474299
16140,257742
16141,224139
16142,408913
16143,437845
16144,83923
16145,29664
16146,34558
16147,443710
16148,361714
16149,442127
16150,250708
16151,478731
16152,353975
16153,415809
16154,138670
16155,336447
16156,397059
16157,477452
16158,469878
16159,486851
16160,56427
16161,430448
16162,325091
16163,466420
16164,6659
16165,295673
16166,366797
16167,122255
16168,391506
16169,155527
16170,429566
16171,59799
16172,294437
16173,77052
16174,464230
16175,102617
16176,226004
16177,208317
16178,125841
16179,16496
16180,379742
16181,197932
16182,285204
16183,442352
16184,344903
16185,451990
16186,332815
16187,84568
16188,356509
16189,204951
16190,291667
16191,460142
16192,192670
16193,470043
16194,78219
16195,84771
16196,56680
16197,30333
16198,390121
16199,374249
16200,278551
16201,340299
16202,231099
16203,360064
16204,161161
16205,48785
16206,18749
16207,196939
16208,91385
16209,91294
16210,391811
16211,371932
16212,391509
16213,335116
16214,195351
16215,314955
16216,204950
16217,331486
16218,377533
16219,305146
16220,486839
16221,331488
16222,326342
16223,387349
16224,116747
16225,260766
16226,231644
16227,450538
16228,99624
16229,55295
16230,419866
16231,249710
16232,326655
16233,445436
16234,334084
16235,363237
16236,327829
16237,353822
16238,56176
16239,17064
16240,221650
16241,416039
16242,363546
16243,144666
16244,361421
16245,138271
16246,424354
16247,237053
16248,27056
16249,313717
16250,480893
16251,439452
16252,168608
16253,435361
16254,412406
16255,260525
16256,17720
16257,292748
16258,192569
16259,437678
16260,291542
16261,92214
16262,330978
16263,332288
16264,48499
16265,206850
16266,104712
16267,368574
16268,290046
16269,293710
16270,273076
16271,82205
16272,116698
16273,173879
16274,363582
16275,66826
16276,116506
16277,467060
16278,395350
16279,168943
16280,460509
16281,226207
16282,473702
16283,44834
16284,201938
16285,758
16286,255495
16287,129948
16288,94530
16289,372264
16290,84302
16291,334384
16292,31710
16293,137731
16294,53402
16295,97999
16296,442718
16297,186326
16298,397545
16299,74166
16300,55650
16301,423549
16302,302582
16303,87780
16304,428389
16305,87480
16306,359802
16307,219084
16308,290228
16309,439129
16310,130242
16311,6447
16312,7928
16313,352811
16314,398454
16315,310362
16316,254433
16317,458446
16318,91867
16319,303361
16320,373994
16321,434282
16322,170843
16323,293744
16324,303722
16325,202606
16326,424853
16327,261282
16328,174415
16329,261383
16330,29506
16331,337497
16332,450671
16333,199492
16334,460295
16335,118351
16336,360016
16337,192691
16338,105454
16339,34934
16340,392407
16341,472430
16342,202073
16343,293071
16344,268425
16345,397565
16346,320464
16347,239598
16348,53827
16349,294612
16350,7936
16351,91143
16352,455051
16353,472301
16354,365866
16355,38382
16356,199277
16357,328370
16358,16992
16359,12854
16360,327679
16361,241982
16362,224193
16363,132058
16364,43367
16365,482543
16366,454438
16367,429318
16368,434528
16369,307013
16370,7622
16371,211442
16372,109239
16373,477401
16374,344783
16375,439778
16376,316009
16377,125847
16378,303617
16379,130015
16380,210581
16381,320634
16382,247624
16383,310079
16384,16253
16385,435404
16386,344962
16387,64151
16388,175261
16389,423423
16390,103470
16391,281552
16392,273827
16393,334951
16394,378439
16395,456783
16396,347144
16397,106544
16398,98199
16399,379304
16400,415822
16401,70164
16402,245107
16403,485814
16404,124844
16405,6905
16406,48932
16407,136766
16408,53520
16409,448681
16410,237511
16411,156758
16412,197945
16413,307628
16414,445136
16415,227642
16416,150823
16417,320737
16418,451983
16419,247936
16420,195182
16421,243245
16422,28913
16423,127589
16424,305585
16425,169861
16426,106357
16427,63487
16428,335173
16429,378622
16430,60367
16431,207240
16432,116692
16433,439985
16434,445593
16435,15229
16436,131511
16437,286094
16438,322729
16439,419783
16440,425356
16441,221427
16442,22472
16443,281583
16444,17576
16445,231680
16446,458590
16447,278457
16448,151608
16449,440267
16450,415542
16451,425800
16452,122605
16453,209718
16454,139340
16455,46264
16456,394122
16457,306029
16458,1377
16459,112232
16460,301657
16461,127963
16462,97783
16463,389670
16464,144219
16465,398016
16466,340976
16467,376142
16468,228877
16469,233786
16470,29198
16471,333108
16472,302932
16473,115295
16474,239522
16475,266989
16476,331832
16477,170417
16478,56174
16479,420318
16480,434756
16481,198041
16482,250606
16483,43724
16484,181175
16485,317909
16486,465323
16487,434335
16488,214678
16489,417568
16490,281432
16491,444565
16492,45330
16493,245329
16494,380322
16495,266872
16496,64431
16497,140671
16498,451565
16499,112654
16500,113298
16501,336574
16502,104458
16503,338757
16504,341401
16505,303746
16506,122494
16507,393628
16508,360363
16509,210892
16510,260822
16511,335072
16512,111296
16513,39966
16514,485392
16515,188056
16516,322806
16517,222845
16518,107097
16519,14964
16520,214498
16521,415765
16522,412979
16523,321347
16524,70010
16525,248392
16526,185571
16527,151465
16528,22290
16529,338508
16530,70204
16531,377481
16532,43430
16533,42654
16534,76986
16535,7135
16536,173882
16537,397623
16538,81678
16539,380984
16540,267521
16541,424627
16542,460284
16543,234534
16544,337461
16545,466460
16546,19302
16547,326410
16548,449089
16549,40328
16550,438105
16551,352666
16552,15526
16553,247615
16554,358176
16555,226233
16556,472154
16557,397503
16558,443254
16559,182298
16560,358295
16561,420286
16562,258502
16563,210251
16564,313681
16565,170154
16566,201629
16567,258079
16568,474010
16569,27963
16570,404769
16571,419214
16572,73915
16573,262628
16574,205013
16575,462172
16576,361335
16577,56247
16578,250366
16579,82364
16580,238886
16581,393399
16582,46004
16583,66075
16584,351953
16585,279033
16586,189999
16587,26618
16588,324498
16589,208311
16590,381914
16591,396792
16592,221535
16593,387790
16594,314634
16595,292773
16596,388080
16597,374112
16598,454051
16599,210267
16600,38620
16601,310453
16602,375916
16603,395679
16604,461426
16605,151020
16606,127895
16607,309993
16608,2797
16609,471987
16610,428521
16611,171191
16612,416525
16613,335188
16614,108955
16615,198527
16616,224952
16617,245760
16618,363908
16619,348237
16620,471915
16621,170078
16622,74467
16623,151048
16624,323823
16625,433626
16626,216927
16627,350922
16628,412705
16629,247621
16630,221848
16631,434115
16632,31562
16633,326539
16634,80876
16635,293507
16636,474476
16637,145547
16638,409105
16639,478635
16640,327314
16641,324276
16642,355247
16643,424765
16644,26931
16645,159914
16646,204747
16647,160843
16648,485616
16649,381123
16650,348044
16651,168672
16652,417336
16653,290617
16654,216870
16655,453641
16656,467916
16657,281806
16658,135194
16659,174447
16660,316595
16661,181426
16662,127267
16663,226010
16664,221353
16665,308379
16666,314415
16667,174412
16668,208938
16669,300561
16670,308418
16671,53053
16672,350404
16673,302666
16674,156751
16675,56814
16676,155642
16677,439623
16678,424129
16679,468131
16680,138850
16681,34442
16682,219453
16683,451934
16684,251051
16685,123027
16686,301084
16687,480710
16688,478721
16689,278952
16690,452387
16691,242951
16692,320448
16693,115459
16694,223126
16695,272336
16696,454439
16697,321352
16698,452302
16699,231451
16700,201663
16701,103066
16702,165782
16703,347563
16704,228297
16705,225964
16706,81782
16707,444529
16708,445439
16709,261970
16710,381052
16711,1214
16712,320907
16713,484263
16714,187697
16715,357298
16716,471784
16717,91512
16718,186737
16719,270273
16720,185045
16721,395467
16722,449195
16723,111126
16724,476744
16725,328595
16726,324882
16727,387224
16728,301584
16729,111590
16730,283439
16731,31171
16732,398797
16733,555
16734,379831
16735,473708
16736,437
16737,367705
16738,477810
16739,294134
16740,174079
16741,284892
16742,258302
16743,338825
16744,375788
16745,480433
16746,122127
16747,34980
16748,332322
16749,184847
16750,106430
16751,398542
16752,438269
16753,16732
16754,340077
16755,295796
16756,40826
16757,198714
16758,294321
16759,144569
16760,412633
16761,64164
16762,42512
16763,121563
16764,30394
16765,466176
16766,478457
16767,97850
16768,228313
16769,293131
16770,225927
16771,15049
16772,224948
16773,440423
16774,103374
16775,240091
16776,484334
16777,7633
16778,132423
16779,132234
16780,153832
16781,199046
16782,384942
16783,307603
16784,316349
16785,42232
16786,262773
16787,28183
16788,389950
16789,109488
16790,414262
16791,159608
16792,28868
16793,225991
16794,341467
16795,413616
16796,360029
16797,95097
16798,464496
16799,105069
16800,134812
16801,145719
16802,317473
16803,84776
16804,228162
16805,303906
16806,136623
16807,347042
16808,214033
16809,69232
16810,308446
16811,272522
16812,333386
16813,381869
16814,84265
16815,161213
16816,479777
16817,174175
16818,294561
16819,394879
16820,214675
16821,404381
16822,138476
16823,393372
16824,139030
16825,17697
16826,368527
16827,389725
16828,216800
16829,78210
16830,321833
16831,456959
16832,228393
16833,395017
16834,447410
16835,389474
16836,284047
16837,460321
16838,314244
16839,34701
16840,258200
16841,160445
16842,126197
16843,17638
16844,66418
16845,465695
16846,310481
16847,473149
16848,127938
16849,112399
16850,114530
16851,233813
16852,456921
16853,240046
16854,435338
16855,393608
16856,83399
16857,458953
16858,310557
16859,454269
16860,42091
16861,7987
16862,3129
16863,124005
16864,196804
16865,46031
16866,192728
16867,109442
16868,301302
16869,349433
16870,448228
16871,482768
16872,115466
16873,480369
16874,116290
16875,393543
16876,400606
16877,321970
16878,299867
16879,232912
16880,154579
16881,63858
16882,135399
16883,30112
16884,338451
16885,40982
16886,204345
16887,274906
16888,48361
16889,77690
16890,117112
16891,381742
16892,415710
16893,446657
16894,118358
16895,98224
16896,414459
16897,332770
16898,42762
16899,241105
16900,400414
16901,309798
16902,59440
16903,94659
16904,331759
16905,16106
16906,394594
16907,353912
16908,248350
16909,136312
16910,214069
16911,267864
16912,124933
16913,156155
16914,232440
16915,334253
16916,235568
16917,94157
16918,399663
16919,433916
16920,309986
16921,236622
16922,185201
16923,391259
16924,236366
16925,370011
16926,474125
16927,451978
16928,156028
16929,334229
16930,46151
16931,197077
16932,134826
16933,219583
16934,38516
16935,369004
16936,315067
16937,232639
16938,378020
16939,389944
16940,477646
16941,234611
16942,307096
16943,477679
16944,176065
16945,339268
16946,170562
16947,305113
16948,342426
16949,308278
16950,257769
16951,480668
16952,368765
16953,242401
16954,16197
16955,476764
16956,485191
16957,241948
16958,170978
16959,266830
16960,388570
16961,221930
16962,94099
16963,92878
16964,240254
16965,250557
16966,159973
16967,189919
16968,232697
16969,116395
16970,99811
16971,174656
16972,104652
16973,16398
16974,155496
16975,98009
16976,375387
16977,316355
16978,236584
16979,139394
16980,221513
16981,313193
16982,486973
16983,281470
16984,229144
16985,103331
16986,455101
16987,365990
16988,447199
16989,131084
16990,130118
16991,378261
16992,416173
16993,171303
16994,145931
16995,247640
16996,442097
16997,412621
16998,92827
16999,316523
17000,118152
17001,93995
17002,145317
17003,344192
17004,363719
17005,342678
17006,202262
17007,443901
17008,171370
17009,150809
17010,419936
17011,442253
17012,56289
17013,394099
17014,420670
17015,308505
17016,434596
17017,116480
17018,443064
17019,3020
17020,248154
17021,22819
17022,125745
17023,43426
17024,286232
17025,308753
17026,459480
17027,131551
17028,241225
17029,418865
17030,190606
17031,319340
17032,425589
17033,224231
17034,438237
17035,136635
17036,83887
17037,76721
17038,390010
17039,106552
17040,333983
17041,128055
17042,455940
17043,333402
17044,245384
17045,317611
17046,464120
17047,27739
17048,174595
17049,174636
17050,56490
17051,281450
17052,377536
17053,19280
17054,474186
17055,28879
17056,290478
17057,330817
17058,303797
17059,22608
17060,341416
17061,174366
17062,118374
17063,420668
17064,135197
17065,262435
17066,477627
17067,105253
17068,210390
17069,159804
17070,232520
17071,326614
17072,268601
17073,430361
17074,348577
17075,70275
17076,275123
17077,385188
17078,278728
17079,417043
17080,409599
17081,312334
17082,228202
17083,296815
17084,12806
17085,447804
17086,114841
17087,88383
17088,454674
17089,127705
17090,328336
17091,254882
17092,154054
17093,348182
17094,74004
17095,83892
17096,379195
17097,464546
17098,340039
17099,415863
17100,322226
17101,350997
17102,272448
17103,263793
17104,187031
17105,374256
17106,367373
17107,435167
17108,467944
17109,35462
17110,400297
17111,307402
17112,414767
17113,327368
17114,77090
17115,114497
17116,272919
17117,302136
17118,425625
17119,221603
17120,452322
17121,105155
17122,3081
17123,128722
17124,38215
17125,185505
17126,241195
17127,376101
17128,429328
17129,430141
17130,186337
17131,242021
17132,488310
17133,442714
17134,174081
17135,414539
17136,294802
17137,26310
17138,453932
17139,460495
17140,323677
17141,355810
17142,83900
17143,109386
17144,436269
17145,416696
17146,328687
17147,14443
17148,136412
17149,303369
17150,478605
17151,58886
17152,487789
17153,84353
17154,48172
17155,262292
17156,1391
17157,337772
17158,145943
17159,419597
17160,467096
17161,207155
17162,81414
17163,28871
17164,455034
17165,22699
17166,439287
17167,352121
17168,346468
17169,102333
17170,376181
17171,447496
17172,305045
17173,201980
17174,221416
17175,56558
17176,30296
17177,42380
17178,393164
17179,104743
17180,45132
17181,32157
17182,378171
17183,341552
17184,465051
17185,357329
17186,235678
17187,127801
17188,429655
17189,372101
17190,34567
17191,53150
17192,346635
17193,470428
17194,467292
17195,39179
17196,343332
17197,450474
17198,48405
17199,1956
17200,420672
17201,468935
17202,255611
17203,423629
17204,484468
17205,188017
17206,378434
17207,345172
17208,283406
17209,255093
17210,417761
17211,95688
17212,81418
17213,231295
17214,192831
17215,328833
17216,384434
17217,286516
17218,150894
17219,114529
17220,87037
17221,283878
17222,118988
17223,312292
17224,248180
17225,352030
17226,278474
17227,435759
17228,94580
17229,22530
17230,171329
17231,439166
17232,306274
17233,409223
17234,324484
17235,242936
17236,87799
17237,485360
17238,408369
17239,223362
17240,187284
17241,355847
17242,440528
17243,418079
17244,419334
17245,235296
17246,384091
17247,255976
17248,295779
17249,14510
17250,311636
17251,231044
17252,132674
17253,396790
17254,348689
17255,104417
17256,390767
17257,217306
17258,219815
17259,343297
17260,113232
17261,19408
17262,291758
17263,281350
17264,272409
17265,361360
17266,132290
17267,46237
17268,418210
17269,139347
17270,205083
17271,429421
17272,56483
17273,326377
17274,132258
17275,12103
17276,329133
17277,352854
17278,13144
17279,413961
17280,413542
17281,156433
17282,469234
17283,245671
17284,293299
17285,483790
17286,228239
17287,415490
17288,123064
17289,116293
17290,131209
17291,302595
17292,46083
17293,123106
17294,372355
17295,316040
17296,140410
17297,118235
17298,7743
17299,359968
17300,117036
17301,111153
17302,251228
17303,225057
17304,154695
17305,41893
17306,217386
17307,676
17308,385263
17309,192702
17310,351170
17311,351616
17312,321985
17313,302315
17314,130847
17315,219664
17316,443580
17317,434764
17318,359578
17319,380983
17320,360139
17321,388105
17322,232489
17323,221514
17324,114672
17325,170205
17326,480935
17327,228675
17328,352753
17329,326474
17330,290518
17331,120474
17332,239546
17333,397959
17334,102365
17335,367307
17336,296744
17337,388081
17338,275025
17339,86744
17340,69242
17341,81364
17342,378971
17343,484283
17344,80895
17345,73816
17346,349358
17347,387334
17348,186095
17349,66233
17350,1177
17351,118188
17352,42228
17353,304151
17354,139707
17355,327272
17356,144134
17357,66001
17358,128719
17359,404252
17360,319192
17361,267083
17362,156606
17363,397031
17364,98205
17365,18789
17366,478656
17367,273092
17368,122352
17369,69428
17370,249625
17371,211102
17372,382257
17373,331024
17374,400723
17375,347867
17376,473604
17377,185599
17378,251158
17379,332575
17380,328768
17381,93805
17382,190472
17383,117261
17384,159699
17385,110764
17386,169081
17387,39174
17388,199283
17389,355599
17390,384537
17391,395583
17392,157020
17393,18710
17394,170898
17395,183250
17396,183235
17397,152512
17398,167227
17399,277380
17400,182919
17401,253749
17402,253959
17403,184368
17404,277818
17405,167410
17406,195798
17407,193888
17408,218427
17409,265394
17410,265615
17411,220531
17412,276853
17413,194392
17414,252833
17415,152489
17416,167077
17417,207717
17418,251839
17419,153731
17420,184458
17421,184155
17422,195722
17423,277044
17424,167668
17425,153446
17426,183554
17427,275515
17428,275882
17429,167538
17430,184166
17431,205974
17432,193875
17433,152864
17434,182715
17435,251803
17436,266031
17437,196109
17438,253127
17439,253655
17440,195858
17441,152326
17442,277213
17443,252130
17444,266234
17445,266203
17446,153557
17447,265049
17448,276023
17449,166929
17450,276581
17451,182632
17452,264681
17453,252637
17454,275662
17455,277349
17456,264405
17457,153308
17458,152954
17459,264563
17460,251852
17461,166937
17462,277246
17463,253592
17464,153780
17465,253859
17466,206104
17467,195956
17468,253812
17469,265580
17470,152705
17471,252537
17472,196365
17473,252179
17474,252880
17475,264564
17476,183064
17477,264630
17478,183013
17479,167047
17480,184033
17481,252687
17482,167522
17483,276169
17484,276690
17485,276447
17486,207793
17487,276803
17488,253030
17489,206326
17490,277310
17491,220391
17492,152471
17493,220573
17494,277189
17495,184472
17496,253149
17497,206142
17498,265715
17499,266389
17500,167868
17501,265550
17502,194012
17503,265234
17504,277178
17505,184650
17506,182677
17507,253011
17508,153785
17509,253565
17510,152344
17511,276702
17512,196101
17513,218238
17514,253838
17515,167253
17516,251833
17517,168331
17518,167029
17519,168077
17520,206244
17521,277775
17522,220805
17523,152938
17524,265007
17525,184713
17526,253378
17527,183020
17528,168171
17529,152338
17530,265948
17531,276957
17532,168341
17533,253195
17534,183559
17535,194021
17536,196170
17537,251785
17538,183632
17539,167117
17540,167304
17541,182963
17542,252310
17543,184068
17544,265686
17545,184454
17546,251977
17547,277244
17548,206128
17549,276255
17550,218672
17551,167530
17552,194399
17553,194306
17554,183772
17555,194461
17556,275769
17557,275574
17558,253816
17559,252689
17560,207943
17561,196269
17562,265419
17563,276311
17564,194164
17565,275560
17566,277171
17567,166932
17568,266611
17569,277660
17570,205929
17571,265566
17572,183343
17573,276595
17574,218522
17575,265793
17576,152567
17577,266168
17578,254148
17579,251734
17580,208140
17581,183257
17582,168075
17583,183593
17584,276342
17585,167499
17586,252557
17587,253694
17588,277024
17589,152651
17590,218374
17591,195958
17592,195705
17593,167718
17594,264878
17595,220311
17596,276657
17597,220707
17598,266624
17599,253299
17600,276912
17601,253925
17602,184031
17603,152874
17604,206330
17605,196107
17606,152295
17607,207983
17608,275837
17609,265897
17610,183192
17611,251858
17612,253692
17613,153744
17614,183036
17615,220323
17616,152792
17617,251923
17618,264813
17619,206129
17620,182735
17621,207789
17622,153683
17623,167123
17624,196164
17625,206032
17626,275778
17627,153258
17628,266106
17629,152663
17630,264935
17631,152201
17632,195771
17633,167662
17634,265228
17635,253341
17636,253468
17637,275817
17638,264883
17639,182773
17640,264685
17641,218421
17642,253271
17643,208190
17644,206327
17645,275929
17646,266549
17647,276221
17648,152798
17649,206166
17650,265220
17651,206365
17652,277089
17653,276796
17654,167770
17655,208139
17656,194198
17657,182978
17658,266431
17659,264398
17660,184209
17661,265385
17662,275697
17663,252398
17664,265982
17665,276870
17666,182880
17667,168039
17668,275734
17669,276993
17670,265248
17671,277186
17672,168224
17673,182981
17674,152556
17675,153820
17676,264880
17677,275704
17678,218824
17679,253854
17680,264909
17681,252843
17682,276914
17683,206156
17684,253383
17685,275639
17686,184548
17687,195876
17688,183908
17689,218906
17690,194079
17691,220589
17692,184512
17693,276570
17694,253673
17695,265587
17696,168017
17697,183025
17698,276236
17699,220776
17700,275637
17701,251805
17702,275937
17703,251744
17704,264608
17705,265018
17706,220490
17707,195906
17708,276182
17709,153166
17710,196223
17711,167366
17712,196084
17713,183605
17714,266009
17715,218937
17716,206380
17717,254032
17718,208204
17719,277785
17720,208090
17721,194048
17722,218236
17723,167759
17724,254009
17725,153770
17726,265420
17727,183424
17728,194046
17729,182753
17730,168330
17731,276190
17732,265737
17733,252908
17734,275566
17735,153012
17736,265649
17737,168172
17738,253818
17739,183253
17740,218588
17741,264779
17742,277602
17743,277026
17744,195993
17745,183205
17746,252905
17747,208089
17748,265911
17749,184088
17750,194332
17751,152777
17752,265704
17753,276930
17754,265901
17755,183213
17756,168043
17757,277261
17758,265605
17759,152795
17760,276312
17761,264826
17762,266445
17763,276875
17764,194138
17765,266473
17766,254173
17767,277333
17768,276602
17769,266401
17770,184524
17771,218497
17772,276468
17773,167598
17774,194074
17775,264597
17776,184679
17777,265614
17778,264726
17779,276906
17780,166944
17781,193929
17782,253980
17783,167310
17784,264838
17785,184177
17786,183449
17787,251689
17788,206306
17789,266379
17790,152825
17791,276753
17792,193990
17793,218818
17794,265585
17795,276549
17796,220335
17797,266227
17798,205998
17799,206379
17800,265454
17801,220951
17802,277339
17803,207912
17804,252724
17805,277052
17806,167908
17807,167654
17808,167624
17809,167985
17810,265262
17811,220331
17812,194278
17813,276775
17814,253234
17815,265465
17816,153649
17817,266516
17818,196339
17819,275680
17820,152439
17821,196187
17822,265830
17823,196139
17824,275751
17825,265509
17826,183453
17827,265578
17828,275826
17829,152288
17830,266302
17831,254001
17832,277086
17833,152143
17834,153711
17835,265674
17836,277047
17837,218494
17838,183675
17839,167280
17840,253483
17841,195800
17842,277749
17843,183302
17844,265030
17845,277211
17846,265507
17847,265616
17848,264648
17849,166864
17850,266526
17851,265251
17852,183001
17853,220286
17854,220586
17855,194018
17856,207888
17857,194008
17858,183295
17859,266486
17860,254048
17861,218735
17862,266428
17863,277727
17864,182657
17865,264530
17866,218396
17867,153144
17868,253628
17869,152684
17870,166853
17871,253730
17872,276224
17873,153315
17874,252054
17875,252523
17876,252719
17877,153326
17878,196120
17879,167579
17880,277713
17881,276058
17882,253997
17883,251728
17884,276113
17885,184107
17886,275897
17887,253130
17888,183682
17889,153620
17890,251698
17891,252793
17892,264548
17893,182783
17894,207990
17895,167613
17896,167761
17897,206371
17898,218505
17899,184617
17900,153136
17901,265853
17902,166896
17903,194305
17904,265806
17905,266156
17906,183521
17907,277652
17908,253752
17909,276850
17910,152346
17911,184603
17912,264977
17913,182814
17914,218947
17915,207816
17916,193995
17917,264432
17918,183447
17919,166832
17920,277767
17921,166951
17922,252702
17923,251729
17924,184619
17925,275842
17926,183513
17927,152184
17928,207843
17929,153069
17930,264661
17931,253392
17932,266608
17933,208161
17934,207897
17935,206331
17936,266153
17937,220316
17938,252943
17939,153689
17940,196315
17941,266585
17942,152734
17943,167727
17944,167102
17945,183095
17946,208012
17947,184596
17948,207763
17949,195908
17950,167350
17951,254100
17952,252057
17953,218630
17954,182738
17955,275763
17956,252433
17957,277182
17958,265931
17959,207873
17960,218474
17961,152144
17962,183169
17963,167670
17964,277711
17965,167422
17966,252576
17967,266280
17968,266015
17969,194350
17970,182775
17971,184445
17972,206049
17973,276956
17974,195853
17975,167793
17976,254154
17977,266651
17978,183745
17979,266291
17980,152541
17981,266018
17982,265382
17983,152131
17984,220631
17985,168200
17986,182996
17987,251778
17988,152265
17989,253696
17990,182979
17991,254176
17992,196322
17993,182690
17994,275917
17995,218770
17996,194193
17997,184311
17998,166979
17999,183761
18000,196096
18001,196350
18002,183855
18003,277738
18004,206216
18005,252618
18006,168245
18007,275907
18008,183352
18009,184372
18010,276754
18011,196363
18012,153163
18013,196209
18014,196360
18015,264577
18016,277007
18017,153382
18018,208117
18019,206134
18020,266284
18021,218643
18022,252458
18023,196407
18024,253863
18025,167619
18026,196169
18027,275627
18028,206264
18029,183263
18030,194432
18031,196258
18032,207855
18033,207992
18034,184178
18035,207744
18036,220380
18037,167527
18038,253715
18039,167417
18040,183487
18041,277197
18042,253557
18043,265444
18044,183177
18045,253366
18046,276089
18047,153776
18048,253286
18049,194066
18050,152290
18051,253905
18052,166991
18053,167377
18054,167030
18055,184709
18056,218281
18057,264595
18058,184244
18059,253336
18060,276000
18061,266421
18062,183357
18063,168162
18064,276186
18065,194201
18066,265650
18067,182727
18068,276948
18069,208187
18070,184179
18071,264988
18072,265802
18073,275865
18074,254005
18075,184427
18076,194131
18077,152483
18078,206395
18079,167825
18080,184054
18081,264905
18082,168372
18083,183778
18084,275932
18085,265116
18086,205943
18087,208068
18088,183853
18089,277495
18090,254095
18091,220680
18092,253163
18093,276367
18094,183755
18095,220393
18096,183951
18097,167348
18098,183259
18099,205911
18100,167523
18101,196125
18102,207965
18103,220710
18104,168329
18105,182941
18106,264686
18107,168256
18108,264768
18109,208114
18110,276152
18111,277851
18112,167958
18113,253406
18114,152810
18115,266609
18116,206464
18117,252519
18118,218347
18119,182653
18120,152796
18121,265531
18122,168208
18123,167133
18124,266128
18125,167625
18126,152517
18127,251846
18128,152573
18129,184361
18130,195983
18131,196402
18132,183529
18133,252381
18134,167196
18135,168069
18136,277112
18137,266178
18138,193954
18139,166999
18140,194090
18141,277511
18142,277566
18143,168112
18144,168012
18145,254184
18146,167496
18147,153101
18148,220457
18149,153788
18150,218616
18151,266167
18152,220472
18153,265610
18154,218492
18155,220697
18156,220569
18157,218316
18158,277275
18159,276828
18160,277405
18161,252317
18162,266047
18163,183677
18164,265786
18165,184174
18166,153011
18167,218233
18168,193881
18169,152233
18170,265063
18171,275547
18172,266536
18173,195794
18174,265108
18175,266054
18176,167848
18177,167831
18178,251942
18179,152657
18180,168021
18181,167441
18182,167440
18183,153527
18184,252212
18185,153440
18186,265438
18187,276651
18188,167883
18189,152896
18190,183282
18191,183754
18192,265952
18193,251692
18194,168345
18195,152242
18196,251680
18197,220770
18198,275731
18199,195905
18200,275663
18201,195872
18202,264940
18203,194034
18204,264424
18205,183015
18206,276278
18207,265360
18208,276947
18209,153149
18210,253802
18211,276039
18212,276313
18213,276233
18214,275626
18215,264938
18216,195896
18217,276465
18218,252142
18219,266053
18220,206015
18221,195943
18222,265216
18223,220739
18224,167475
18225,265157
18226,206077
18227,264655
18228,168014
18229,184029
18230,206152
18231,183290
18232,218752
18233,265935
18234,266074
18235,168212
18236,264979
18237,264540
18238,183927
18239,275863
18240,220591
18241,167571
18242,195742
18243,253935
18244,184411
18245,254026
18246,208189
18247,276751
18248,277530
18249,275677
18250,264728
18251,167171
18252,253853
18253,264994
18254,252074
18255,183476
18256,152908
18257,195834
18258,152980
18259,265646
18260,220744
18261,252981
18262,252930
18263,206400
18264,276384
18265,206278
18266,266120
18267,220751
18268,152130
18269,220664
18270,167743
18271,266653
18272,252585
18273,276336
18274,266449
18275,265559
18276,253181
18277,183738
18278,153075
18279,264551
18280,264451
18281,195926
18282,265892
18283,183645
18284,253236
18285,167706
18286,194197
18287,252451
18288,183712
18289,218711
18290,184298
18291,277628
18292,167800
18293,183129
18294,277593
18295,251911
18296,252755
18297,168105
18298,254080
18299,277817
18300,265342
18301,153170
18302,153694
18303,184131
18304,218308
18305,251672
18306,252936
18307,195920
18308,167557
18309,277381
18310,152588
18311,183718
18312,252852
18313,152709
18314,183436
18315,167126
18316,206155
18317,276943
18318,152266
18319,206283
18320,220789
18321,206072
18322,166988
18323,218416
18324,168140
18325,153697
18326,253689
18327,182689
18328,265887
18329,251753
18330,167581
18331,277141
18332,220354
18333,266339
18334,220923
18335,276125
18336,276069
18337,183936
18338,265026
18339,277226
18340,253005
18341,276103
18342,194421
18343,253899
18344,194375
18345,276821
18346,194289
18347,252219
18348,265067
18349,220684
18350,196090
18351,167383
18352,183351
18353,153077
18354,168205
18355,152590
18356,266326
18357,194125
18358,152962
18359,252582
18360,277167
18361,220945
18362,195696
18363,196124
18364,276117
18365,277125
18366,196220
18367,218394
18368,218447
18369,275562
18370,252177
18371,277654
18372,167357
18373,275922
18374,251752
18375,253290
18376,206157
18377,276527
18378,253625
18379,167952
18380,220363
18381,251880
18382,153289
18383,207956
18384,266111
18385,167529
18386,218648
18387,218882
18388,184114
18389,265109
18390,183844
18391,166900
18392,218516
18393,253577
18394,153332
18395,152600
18396,167551
18397,207739
18398,184697
18399,264956
18400,276401
18401,206071
18402,152313
18403,266254
18404,168115
18405,183916
18406,218863
18407,168103
18408,277616
18409,195938
18410,167144
18411,218524
18412,220867
18413,265164
18414,218708
18415,206461
18416,195878
18417,196069
18418,184284
18419,265278
18420,195966
18421,253144
18422,195682
18423,153600
18424,253245
18425,253727
18426,218780
18427,184196
18428,265731
18429,206404
18430,183818
18431,184423
18432,193953
18433,206204
18434,275892
18435,266501
18436,265523
18437,266419
18438,167046
18439,264357
18440,153281
18441,153019
18442,183847
18443,218515
18444,153173
18445,276306
18446,264559
18447,168136
18448,196281
18449,252836
18450,277831
18451,194080
18452,184587
18453,253868
18454,152851
18455,277460
18456,277752
18457,277482
18458,208143
18459,167876
18460,166830
18461,275925
18462,266166
18463,167938
18464,252097
18465,277647
18466,276605
18467,152379
18468,167002
18469,167359
18470,277766
18471,253177
18472,218703
18473,252511
18474,153369
18475,167433
18476,275988
18477,167094
18478,265076
18479,266552
18480,206341
18481,152223
18482,266335
18483,152744
18484,277706
18485,275824
18486,183032
18487,168071
18488,253438
18489,275557
18490,218834
18491,167161
18492,254105
18493,277493
18494,182788
18495,253493
18496,252679
18497,253370
18498,184093
18499,277473
18500,275587
18501,277222
18502,277480
18503,253973
18504,220365
18505,206478
18506,266558
18507,196244
18508,220688
18509,253539
18510,208179
18511,183233
18512,152324
18513,183616
18514,183100
18515,196173
18516,254134
18517,252439
18518,276937
18519,167351
18520,276370
18521,276127
18522,183039
18523,265589
18524,265281
18525,183806
18526,264598
18527,184609
18528,183694
18529,218504
18530,153511
18531,266621
18532,152601
18533,218803
18534,193883
18535,264561
18536,253996
18537,206318
18538,167243
18539,277247
18540,184691
18541,220952
18542,266279
18543,264924
18544,167277
18545,277037
18546,275798
18547,208225
18548,265729
18549,253361
18550,220328
18551,153593
18552,194382
18553,167632
18554,253516
18555,265106
18556,265986
18557,264519
18558,220312
18559,183833
18560,166845
18561,276209
18562,253707
18563,167152
18564,251920
18565,167098
18566,153566
18567,253123
18568,184544
18569,220948
18570,276872
18571,166787
18572,152213
18573,277057
18574,166875
18575,265245
18576,252184
18577,277353
18578,167240
18579,184212
18580,183973
18581,167225
18582,276927
18583,184527
18584,193913
18585,277576
18586,275740
18587,183608
18588,167838
18589,183276
18590,153001
18591,153753
18592,167915
18593,195784
18594,168097
18595,167428
18596,276501
18597,253929
18598,152531
18599,168287
18600,194404
18601,196148
18602,184535
18603,184518
18604,194157
18605,264717
18606,252081
18607,264969
18608,253998
18609,152458
18610,183577
18611,252120
18612,205963
18613,167963
18614,265499
18615,218808
18616,208191
18617,266578
18618,277399
18619,277341
18620,167596
18621,194376
18622,167211
18623,207895
18624,153761
18625,265968
18626,275936
18627,183118
18628,166928
18629,184315
18630,252577
18631,264430
18632,276693
18633,208051
18634,277836
18635,276718
18636,184436
18637,168310
18638,265656
18639,251976
18640,195947
18641,252761
18642,266457
18643,275934
18644,153482
18645,266535
18646,277360
18647,251713
18648,253874
18649,277092
18650,276477
18651,153140
18652,153808
18653,277326
18654,252911
18655,195887
18656,218797
18657,167803
18658,277510
18659,167857
18660,194064
18661,183657
18662,184562
18663,252123
18664,253387
18665,265962
18666,251935
18667,265291
18668,184606
18669,167287
18670,265092
18671,218731
18672,276018
18673,264868
18674,252361
18675,182687
18676,253113
18677,220306
18678,167271
18679,254063
18680,266023
18681,166886
18682,166942
18683,253637
18684,183813
18685,220350
18686,153659
18687,252028
18688,153164
18689,218240
18690,264634
18691,195717
18692,220342
18693,167865
18694,253904
18695,276350
18696,252068
18697,182803
18698,276869
18699,252638
18700,220283
18701,194082
18702,254192
18703,182866
18704,153530
18705,195781
18706,194116
18707,167494
18708,167316
18709,166824
18710,253134
18711,220491
18712,220551
18713,184532
18714,183146
18715,152546
18716,253615
18717,265932
18718,265162
18719,205957
18720,167364
18721,167617
18722,152957
18723,167661
18724,276091
18725,184567
18726,184670
18727,252221
18728,254053
18729,184202
18730,167285
18731,183082
18732,276798
18733,277468
18734,252052
18735,196218
18736,196373
18737,184042
18738,167484
18739,167697
18740,276665
18741,206431
18742,253892
18743,276466
18744,276806
18745,194346
18746,207968
18747,276207
18748,182944
18749,183448
18750,265740
18751,252660
18752,253369
18753,277629
18754,220932
18755,266294
18756,167905
18757,276491
18758,152208
18759,277426
18760,277502
18761,167721
18762,265285
18763,252488
18764,276166
18765,252644
18766,182643
18767,167236
18768,277282
18769,276330
18770,265534
18771,183641
18772,196294
18773,265498
18774,264420
18775,152342
18776,153445
18777,193962
18778,167209
18779,275775
18780,277194
18781,265609
18782,253593
18783,264986
18784,276520
18785,252684
18786,167105
18787,184389
18788,264711
18789,207819
18790,153458
18791,265170
18792,265995
18793,220946
18794,266537
18795,220941
18796,168104
18797,253844
18798,276159
18799,265796
18800,182818
18801,220567
18802,183932
18803,167168
18804,253306
18805,253079
18806,253742
18807,265306
18808,277638
18809,206442
18810,152269
18811,266164
18812,220648
18813,184352
18814,206281
18815,194132
18816,251837
18817,253571
18818,276093
18819,252347
18820,266096
18821,218442
18822,253263
18823,254076
18824,265964
18825,218262
18826,218514
18827,252974
18828,184099
18829,184412
18830,275893
18831,266635
18832,184188
18833,275926
18834,182741
18835,266038
18836,265155
18837,168225
18838,265183
18839,194154
18840,220346
18841,196232
18842,218562
18843,276104
18844,276100
18845,184323
18846,266085
18847,183470
18848,182856
18849,183665
18850,218573
18851,153114
18852,183270
18853,153035
18854,253761
18855,252763
18856,275949
18857,195750
18858,275856
18859,208069
18860,196310
18861,195757
18862,220612
18863,168196
18864,266503
18865,167890
18866,195767
18867,182680
18868,152304
18869,252709
18870,208233
18871,220425
18872,183396
18873,251962
18874,254112
18875,183326
18876,167477
18877,253558
18878,220585
18879,251806
18880,194038
18881,275667
18882,277296
18883,276356
18884,218620
18885,277845
18886,196005
18887,195978
18888,166930
18889,252718
18890,276080
18891,264580
18892,276121
18893,205909
18894,218774
18895,184703
18896,275534
18897,196217
18898,183393
18899,195788
18900,184694
18901,167786
18902,207887
18903,184103
18904,252158
18905,194160
18906,265268
18907,183619
18908,218885
18909,182901
18910,275866
18911,167978
18912,252364
18913,275542
18914,218568
18915,183941
18916,183660
18917,153608
18918,208043
18919,277734
18920,252213
18921,194233
18922,194171
18923,184677
18924,265552
18925,206324
18926,220767
18927,253157
18928,264484
18929,252234
18930,252521
18931,265555
18932,220423
18933,265890
18934,266103
18935,167912
18936,264795
18937,276699
18938,265118
18939,152280
18940,254078
18941,152865
18942,152396
18943,253357
18944,252586
18945,253827
18946,183569
18947,208217
18948,218675
18949,253001
18950,183788
18951,265348
18952,196328
18953,206347
18954,252007
18955,264941
18956,264436
18957,193885
18958,218955
18959,265073
18960,264815
18961,194321
18962,193914
18963,266360
18964,220884
18965,218484
18966,168289
18967,266248
18968,220671
18969,167907
18970,195970
18971,183854
18972,254123
18973,206021
18974,218654
18975,218658
18976,277115
18977,275990
18978,220863
18979,276535
18980,207932
18981,218343
18982,277443
18983,207869
18984,252840
18985,275550
18986,196129
18987,152813
18988,220835
18989,152965
18990,207916
18991,253666
18992,152392
18993,266253
18994,252781
18995,183498
18996,207952
18997,167534
18998,183061
18999,276256
19000,252588
19001,265321
19002,153237
19003,184344
19004,265626
19005,220703
19006,266030
19007,251822
19008,207732
19009,183926
19010,208213
19011,167031
19012,275757
19013,153340
19014,184142
19015,194430
19016,276047
19017,276052
19018,168319
19019,253115
19020,183053
19021,276411
19022,152193
19023,183277
19024,218583
19025,265684
19026,152207
19027,265084
19028,153228
19029,153533
19030,152879
19031,266342
19032,264955
19033,152999
19034,153467
19035,276537
19036,276030
19037,196119
19038,182631
19039,266255
19040,254116
19041,195864
19042,206269
19043,265818
19044,218761
19045,196108
19046,264363
19047,168313
19048,253461
19049,251998
19050,184158
19051,266587
19052,252325
19053,276745
19054,195822
19055,266465
19056,153327
19057,252272
19058,184390
19059,276584
19060,275617
19061,183057
19062,167736
19063,253031
19064,183842
19065,206271
19066,266534
19067,167155
19068,253721
19069,264385
19070,251657
19071,275605
19072,264617
19073,152182
19074,196252
19075,264647
19076,264978
19077,220470
19078,218713
19079,253412
19080,220769
19081,152899
19082,183524
19083,184631
19084,182885
19085,218727
19086,265383
19087,277224
19088,277413
19089,206086
19090,252076
19091,208052
19092,220334
19093,182724
19094,167723
19095,182980
19096,264399
19097,153821
19098,193924
19099,206126
19100,193989
19101,264453
19102,218874
19103,251681
19104,277707
19105,195755
19106,266135
19107,252166
19108,252616
19109,184379
19110,277718
19111,276749
19112,182874
19113,153009
19114,206277
19115,276434
19116,276661
19117,195870
19118,218564
19119,194168
19120,266412
19121,183948
19122,184051
19123,184203
19124,194032
19125,253447
19126,152854
19127,207790
19128,276955
19129,206247
19130,168241
19131,218406
19132,218805
19133,264865
19134,207896
19135,220609
19136,266418
19137,152737
19138,184642
19139,152369
19140,265376
19141,275516
19142,277302
19143,220902
19144,207783
19145,252020
19146,183534
19147,265971
19148,220887
19149,254150
19150,266350
19151,166949
19152,265579
19153,252470
19154,208151
19155,253683
19156,253508
19157,152549
19158,195939
19159,206237
19160,168240
19161,152211
19162,264678
19163,153729
19164,266090
19165,184599
19166,264777
19167,265801
19168,152941
19169,167646
19170,153183
19171,194178
19172,152581
19173,265231
19174,251676
19175,276040
19176,167353
19177,252059
19178,276774
19179,265202
19180,253312
19181,253507
19182,206374
19183,252866
19184,194273
19185,277094
19186,253585
19187,166910
19188,196311
19189,277082
19190,265594
19191,208081
19192,167567
19193,277061
19194,168149
19195,152466
19196,220676
19197,183669
19198,275712
19199,208010
19200,182712
19201,276823
19202,265945
19203,265323
19204,168161
19205,152901
19206,167809
19207,196395
19208,167063
19209,152914
19210,183244
19211,207781
19212,168261
19213,152687
19214,276830
19215,168120
19216,153481
19217,276860
19218,184441
19219,152180
19220,183347
19221,220906
19222,152402
19223,194437
19224,265664
19225,166970
19226,264638
19227,252084
19228,252164
19229,266133
19230,220453
19231,167449
19232,183041
19233,252995
19234,252388
19235,266610
19236,253990
19237,252157
19238,275568
19239,167078
19240,265024
19241,206451
19242,206348
19243,277383
19244,183014
19245,206297
19246,167895
19247,265378
19248,277069
19249,218932
19250,194328
19251,167973
19252,196225
19253,152212
19254,218456
19255,184450
19256,265111
19257,220379
19258,253751
19259,183868
19260,265303
19261,196147
19262,218508
19263,152399
19264,205921
19265,265337
19266,266569
19267,253873
19268,266092
19269,182785
19270,218255
19271,183150
19272,166847
19273,183590
19274,152254
19275,184279
19276,183791
19277,153252
19278,184365
19279,205928
19280,252975
19281,193921
19282,168374
19283,254104
19284,218293
19285,184299
19286,265857
19287,220282
19288,183274
19289,254144
19290,196231
19291,194084
19292,275836
19293,266329
19294,218598
19295,220587
19296,196354
19297,152765
19298,184477
19299,153039
19300,277853
19301,206377
19302,253962
19303,277075
19304,167497
19305,194410
19306,264562
19307,253763
19308,167233
19309,277340
19310,206007
19311,264573
19312,275523
19313,183604
19314,183011
19315,207799
19316,153712
19317,207731
19318,265310
19319,195789
19320,220756
19321,265726
19322,183186
19323,206199
19324,220652
19325,253342
19326,168185
19327,152718
19328,182851
19329,196265
19330,266328
19331,153037
19332,206154
19333,220675
19334,277606
19335,167134
19336,193870
19337,265031
19338,208281
19339,265242
19340,265743
19341,275616
19342,218883
19343,167962
19344,153041
19345,276563
19346,276580
19347,277384
19348,218615
19349,276474
19350,251953
19351,168267
19352,193917
19353,265188
19354,266345
19355,277214
19356,277559
19357,168237
19358,183643
19359,253583
19360,252338
19361,183802
19362,168089
19363,253759
19364,206108
19365,276146
19366,253229
19367,254178
19368,275681
19369,220392
19370,253718
19371,264989
19372,195941
19373,220532
19374,182704
19375,220947
19376,276552
19377,220398
19378,184235
19379,275847
19380,152205
19381,252281
19382,252748
19383,193979
19384,167170
19385,253060
19386,184537
19387,184604
19388,168305
19389,193895
19390,265144
19391,265474
19392,152596
19393,182936
19394,206240
19395,152340
19396,265846
19397,253146
19398,194205
19399,152443
19400,184101
19401,208265
19402,252825
19403,168091
19404,206226
19405,264957
19406,195828
19407,196163
19408,196210
19409,153507
19410,167818
19411,196062
19412,253377
19413,167210
19414,265302
19415,152245
19416,264967
19417,167425
19418,277525
19419,265416
19420,153135
19421,252527
19422,153290
19423,153578
19424,182839
19425,196299
19426,276691
19427,207833
19428,266032
19429,266340
19430,253599
19431,206239
19432,194301
19433,253150
19434,277527
19435,183829
19436,277620
19437,195837
19438,152253
19439,264632
19440,277235
19441,218318
19442,220344
19443,196247
19444,253804
19445,183683
19446,220503
19447,266462
19448,277180
19449,183112
19450,275853
19451,184429
19452,252722
19453,183404
19454,253871
19455,253860
19456,218788
19457,184448
19458,167562
19459,206312
19460,276240
19461,196092
19462,218558
19463,196019
19464,153062
19465,206162
19466,253806
19467,152243
19468,182780
19469,266070
19470,207743
19471,275859
19472,276187
19473,206463
19474,218331
19475,264942
19476,220662
19477,254030
19478,168037
19479,194464
19480,184357
19481,152132
19482,252462
19483,218923
19484,252818
19485,276471
19486,251711
19487,253239
19488,253602
19489,220730
19490,194188
19491,266319
19492,206447
19493,277022
19494,183023
19495,195929
19496,253722
19497,183088
19498,265903
19499,218825
19500,275682
19501,264753
19502,205900
19503,220384
19504,167738
19505,276802
19506,184594
19507,166986
19508,252365
19509,152799
19510,182649
19511,276512
19512,193988
19513,252498
19514,220737
19515,252065
19516,265694
19517,265873
19518,253879
19519,206093
19520,194335
19521,207780
19522,266282
19523,266573
19524,220735
19525,196343
19526,218269
19527,277681
19528,195732
19529,183219
19530,183953
19531,207777
19532,194037
19533,184328
19534,183514
19535,153755
19536,266208
19537,220807
19538,184264
19539,183411
19540,253617
19541,208145
19542,183102
19543,183670
19544,152572
19545,182650
19546,253304
19547,253477
19548,276162
19549,206436
19550,252736
19551,275805
19552,218639
19553,265782
19554,218632
19555,152886
19556,183565
19557,167663
19558,152936
19559,276797
19560,218476
19561,184181
19562,196055
19563,194224
19564,183078
19565,184705
19566,218352
19567,183739
19568,207704
19569,254027
19570,152523
19571,251792
19572,206052
19573,184613
19574,252447
19575,153178
19576,183266
19577,276421
19578,152658
19579,168379
19580,266273
19581,218528
19582,277669
19583,275579
19584,196331
19585,196204
19586,196207
19587,265661
19588,168029
19589,152783
19590,152569
19591,265435
19592,252443
19593,184685
19594,182769
19595,195936
19596,183002
19597,152708
19598,276604
19599,266136
19600,253747
19601,153781
19602,275849
19603,264846
19604,205920
19605,183925
19606,218373
19607,152249
19608,194304
19609,218925
19610,277568
19611,182755
19612,253397
19613,152979
19614,183786
19615,252558
19616,218461
19617,266622
19618,220795
19619,167065
19620,196020
19621,183609
19622,253494
19623,194211
19624,207809
19625,152431
19626,196077
19627,276972
19628,251701
19629,265107
19630,265232
19631,152814
19632,252437
19633,266296
19634,153076
19635,277093
19636,276280
19637,276226
19638,183845
19639,252459
19640,277816
19641,196333
19642,183386
19643,184126
19644,254024
19645,183049
19646,194235
19647,194137
19648,194462
19649,265309
19650,184465
19651,251824
19652,220922
19653,153113
19654,196180
19655,194386
19656,152630
19657,252713
19658,276277
19659,252847
19660,167224
19661,183225
19662,218275
19663,220829
19664,266384
19665,196291
19666,264497
19667,183459
19668,220430
19669,152491
19670,218570
19671,166975
19672,266362
19673,183730
19674,218604
19675,253729
19676,264945
19677,153394
19678,252528
19679,265736
19680,275723
19681,277810
19682,153106
19683,277435
19684,168266
19685,275864
19686,220597
19687,184150
19688,196382
19689,220596
19690,206353
19691,276016
19692,265194
19693,277262
19694,184634
19695,265078
19696,276204
19697,166996
19698,152407
19699,207899
19700,275629
19701,220787
19702,220493
19703,182894
19704,251969
19705,253268
19706,264840
19707,276672
19708,266583
19709,206350
19710,266277
19711,167974
19712,184285
19713,253678
19714,265289
19715,218518
19716,208054
19717,266539
19718,218587
19719,206325
19720,152983
19721,264521
19722,251949
19723,166827
19724,183748
19725,167434
19726,220778
19727,167395
19728,276333
19729,183491
19730,152442
19731,218307
19732,253301
19733,167334
19734,167887
19735,276621
19736,167159
19737,254074
19738,184443
19739,265246
19740,167421
19741,183647
19742,275765
19743,152401
19744,207818
19745,152771
19746,152364
19747,275633
19748,195854
19749,218894
19750,264520
19751,266316
19752,182784
19753,184533
19754,253200
19755,277739
19756,253058
19757,277041
19758,276963
19759,206012
19760,167034
19761,167323
19762,152834
19763,264618
19764,265271
19765,152305
19766,276887
19767,152710
19768,218567
19769,167784
19770,220317
19771,206361
19772,252246
19773,168090
19774,276498
19775,275676
19776,206449
19777,168159
19778,167064
19779,206184
19780,207826
19781,183140
19782,220285
19783,264812
19784,194380
19785,153132
19786,153268
19787,167018
19788,183479
19789,252949
19790,183735
19791,275901
19792,167183
19793,275571
19794,275804
19795,218418
19796,266056
19797,220889
19798,220825
19799,251784
19800,206254
19801,264805
19802,252473
19803,195764
19804,276852
19805,277397
19806,252884
19807,167508
19808,276738
19809,184153
19810,266427
19811,167231
19812,275620
19813,152348
19814,207930
19815,167856
19816,253054
19817,152436
19818,264706
19819,253835
19820,276070
19821,152478
19822,184542
19823,196052
19824,168227
19825,183371
19826,183269
19827,218878
19828,167936
19829,182923
19830,183433
19831,252233
19832,265133
19833,152465
19834,275699
19835,277252
19836,166800
19837,152441
19838,184499
19839,264837
19840,266212
19841,277697
19842,252376
19843,195753
19844,252765
19845,264403
19846,276078
19847,277218
19848,251836
19849,266323
19850,194095
19851,220758
19852,218367
19853,276163
19854,153058
19855,277501
19856,277578
19857,207835
19858,252346
19859,208148
19860,183427
19861,252201
19862,220468
19863,153005
19864,183995
19865,254135
19866,220788
19867,252861
19868,183283
19869,264380
19870,153814
19871,166920
19872,167766
19873,206076
19874,152913
19875,276374
19876,184480
19877,194083
19878,253662
19879,206273
19880,152661
19881,218946
19882,153480
19883,276008
19884,183237
19885,252892
19886,276219
19887,252040
19888,208039
19889,167650
19890,206259
19891,253159
19892,220844
19893,266471
19894,276032
19895,266542
19896,265860
19897,277273
19898,220859
19899,195840
19900,276177
19901,182855
19902,276615
19903,252566
19904,251862
19905,206228
19906,183458
19907,276545
19908,264990
19909,183221
19910,253019
19911,196009
19912,168055
19913,275559
19914,251786
19915,276966
19916,218249
19917,252017
19918,264471
19919,276771
19920,277758
19921,196006
19922,166960
19923,277747
19924,206257
19925,265927
19926,195697
19927,206153
19928,166938
19929,276027
19930,265120
19931,206025
19932,182694
19933,264361
19934,218913
19935,183587
19936,276939
19937,277064
19938,277452
19939,266371
19940,183887
19941,196088
19942,183724
19943,276799
19944,153269
19945,276726
19946,153466
19947,153253
19948,193865
19949,182725
19950,184255
19951,265206
19952,152673
19953,167574
19954,183777
19955,152545
19956,208198
19957,275801
19958,276809
19959,276744
19960,208120
19961,265043
19962,265640
19963,265828
19964,207802
19965,264556
19966,266250
19967,218652
19968,183392
19969,265028
19970,264373
19971,183652
19972,184686
19973,220449
19974,276380
19975,254164
19976,253202
19977,276025
19978,251919
19979,152555
19980,195760
19981,183160
19982,167003
19983,207700
19984,266161
19985,152503
19986,196348
19987,153227
19988,153207
19989,218295
19990,167710
19991,276099
19992,184534
19993,276426
19994,265011
19995,277140
19996,220765
19997,276611
19998,152615
19999,166885
20000,167796
20001,168007
20002,277016
20003,252211
20004,253197
20005,276780
20006,195851
20007,252562
20008,266082
20009,182833
20010,166849
20011,264995
20012,152770
20013,266614
20014,166882
20015,252857
20016,264589
20017,253801
20018,276455
20019,276840
20020,275632
20021,277072
20022,276461
20023,266577
20024,277721
20025,206058
20026,266426
20027,218375
20028,220368
20029,153188
20030,218267
20031,218258
20032,252680
20033,218591
20034,265148
20035,220471
20036,183440
20037,265441
20038,153817
20039,264579
20040,265096
20041,264869
20042,253007
20043,152387
20044,153721
20045,275829
20046,251756
20047,266551
20048,277783
20049,275700
20050,206433
20051,266224
20052,265210
20053,193972
20054,208019
20055,275722
20056,184039
20057,152817
20058,252740
20059,183123
20060,194427
20061,264764
20062,251812
20063,264386
20064,193866
20065,183460
20066,264396
20067,218356
20068,195997
20069,207964
20070,218785
20071,277239
20072,252832
20073,184597
20074,153553
20075,252742
20076,152449
20077,195961
20078,275646
20079,218755
20080,253987
20081,206088
20082,277251
20083,167140
20084,195883
20085,168132
20086,183811
20087,207785
20088,218380
20089,252770
20090,194314
20091,277163
20092,266322
20093,252876
20094,168102
20095,167658
20096,206261
20097,251737
20098,265365
20099,184490
20100,167006
20101,206085
20102,252087
20103,253631
20104,251775
20105,254041
20106,196113
20107,168273
20108,167984
20109,266330
20110,153684
20111,275604
20112,252940
20113,220899
20114,194302
20115,184649
20116,276510
20117,266331
20118,252372
20119,266072
20120,265984
20121,184375
20122,152605
20123,276044
20124,277100
20125,265919
20126,153293
20127,253865
20128,152511
20129,220736
20130,276269
20131,194246
20132,195948
20133,196048
20134,183381
20135,252127
20136,152958
20137,152302
20138,152982
20139,166819
20140,252794
20141,252612
20142,166911
20143,252475
20144,275964
20145,206358
20146,182993
20147,184272
20148,277728
20149,276397
20150,167145
20151,266484
20152,184061
20153,183649
20154,208253
20155,253921
20156,252986
20157,153356
20158,184442
20159,167507
20160,253027
20161,183959
20162,266444
20163,220364
20164,194103
20165,252775
20166,153525
20167,183776
20168,276836
20169,167900
20170,276958
20171,183094
20172,220661
20173,152519
20174,167141
20175,167843
20176,183945
20177,266042
20178,265330
20179,265867
20180,184319
20181,153794
20182,196208
20183,206227
20184,168052
20185,152412
20186,168191
20187,218531
20188,207786
20189,207696
20190,218579
20191,152747
20192,252453
20193,265663
20194,252311
20195,277826
20196,220497
20197,207749
20198,264533
20199,276445
20200,182640
20201,253596
20202,264998
20203,253684
20204,277365
20205,265925
20206,275563
20207,195898
20208,220319
20209,195968
20210,266520
20211,183899
20212,183749
20213,254025
20214,167673
20215,252834
20216,254138
20217,254044
20218,277677
20219,266274
20220,253903
20221,153430
20222,207981
20223,195746
20224,220629
20225,184053
20226,184346
20227,253642
20228,206068
20229,196182
20230,220388
20231,196122
20232,152377
20233,253105
20234,275857
20235,266491
20236,253141
20237,264899
20238,168141
20239,208149
20240,277469
20241,153745
20242,254191
20243,184449
20244,184522
20245,184332
20246,182846
20247,194007
20248,152414
20249,207944
20250,265295
20251,253573
20252,276698
20253,266097
20254,182932
20255,153656
20256,182711
20257,184171
20258,183678
20259,252646
20260,251694
20261,152881
20262,252711
20263,153184
20264,152447
20265,184152
20266,266147
20267,264930
20268,264699
20269,206238
20270,252797
20271,251799
20272,184218
20273,276451
20274,253488
20275,252455
20276,193869
20277,218691
20278,253330
20279,152195
20280,264590
20281,251950
20282,276732
20283,266304
20284,266639
20285,253824
20286,194341
20287,253890
20288,275977
20289,276284
20290,207834
20291,193879
20292,184041
20293,275962
20294,218521
20295,265889
20296,183446
20297,264893
20298,195831
20299,265613
20300,218297
20301,276575
20302,167752
20303,277267
20304,264970
20305,253112
20306,196264
20307,218310
20308,252106
20309,253055
20310,182869
20311,183838
20312,183860
20313,196007
20314,152298
20315,167153
20316,194194
20317,205981
20318,167939
20319,167709
20320,277104
20321,182796
20322,252258
20323,183026
20324,276132
20325,266312
20326,254008
20327,253128
20328,167115
20329,207765
20330,208034
20331,266235
20332,208214
20333,264999
20334,184350
20335,251939
20336,207942
20337,218812
20338,166799
20339,277253
20340,206429
20341,183558
20342,265154
20343,152943
20344,183644
20345,220939
20346,252140
20347,167038
20348,182771
20349,167409
20350,218702
20351,220874
20352,167955
20353,220672
20354,167932
20355,265834
20356,220882
20357,266137
20358,251654
20359,195780
20360,276178
20361,220501
20362,253686
20363,253394
20364,208096
20365,265405
20366,183139
20367,265392
20368,195839
20369,253839
20370,167599
20371,184132
20372,208032
20373,152393
20374,206045
20375,220824
20376,218242
20377,220507
20378,152522
20379,152748
20380,277793
20381,207836
20382,276054
20383,265169
20384,218617
20385,253029
20386,196270
20387,252196
20388,220521
20389,152703
20390,265597
20391,166909
20392,265588
20393,195761
20394,167460
20395,184570
20396,266016
20397,167276
20398,252480
20399,265728
20400,253597
20401,184316
20402,276004
20403,183070
20404,167239
20405,152823
20406,252564
20407,152784
20408,194249
20409,152677
20410,194214
20411,266357
20412,152713
20413,253053
20414,253140
20415,196307
20416,275997
20417,277500
20418,252407
20419,152845
20420,168138
20421,265641
20422,167543
20423,254085
20424,218460
20425,218245
20426,266592
20427,276281
20428,168303
20429,183522
20430,168144
20431,153669
20432,253334
20433,266305
20434,183799
20435,253088
20436,167945
20437,265408
20438,218799
20439,253069
20440,167909
20441,265366
20442,206191
20443,153406
20444,253108
20445,220476
20446,167977
20447,152499
20448,183823
20449,277406
20450,253285
20451,152328
20452,195930
20453,252572
20454,167369
20455,207828
20456,252300
20457,153576
20458,195859
20459,168298
20460,266196
20461,167645
20462,183759
20463,254035
20464,184582
20465,276883
20466,183583
20467,183207
20468,254153
20469,218382
20470,183703
20471,207711
20472,168068
20473,168366
20474,276406
20475,183938
20476,277553
20477,275673
20478,167758
20479,277543
20480,205952
20481,277305
20482,218260
20483,251796
20484,194345
20485,152634
20486,253174
20487,251874
20488,253737
20489,167590
20490,220904
20491,194060
20492,184467
20493,207963
20494,153517
20495,194267
20496,252478
20497,265603
20498,195787
20499,275544
20500,254182
20501,264736
20502,264731
20503,206212
20504,184520
20505,196355
20506,266187
20507,152618
20508,252706
20509,218777
20510,277414
20511,252122
20512,277192
20513,167167
20514,153468
20515,218586
20516,253399
20517,153121
20518,218450
20519,252322
20520,218829
20521,153437
20522,152760
20523,167062
20524,275649
20525,184628
20526,253605
20527,184551
20528,251844
20529,276481
20530,184110
20531,194237
20532,277577
20533,196134
20534,276049
20535,183435
20536,208248
20537,183215
20538,276195
20539,266121
20540,167131
20541,194248
20542,196329
20543,167948
20544,152135
20545,184568
20546,220704
20547,208260
20548,252382
20549,277700
20550,276999
20551,196250
20552,253179
20553,183429
20554,195875
20555,220348
20556,218926
20557,275902
20558,252044
20559,183275
20560,196286
20561,182639
20562,208212
20563,168024
20564,276009
20565,266050
20566,266435
20567,276598
20568,166833
20569,184699
20570,194254
20571,183363
20572,276389
20573,183314
20574,265008
20575,206260
20576,152858
20577,195865
20578,166946
20579,277135
20580,252894
20581,254081
20582,266353
20583,167474
20584,276413
20585,167610
20586,193912
20587,153727
20588,194261
20589,220413
20590,183658
20591,183697
20592,254042
20593,275747
20594,220357
20595,206308
20596,264654
20597,220324
20598,183255
20599,183441
20600,195927
20601,253894
20602,196312
20603,196143
20604,218945
20605,196131
20606,253388
20607,168190
20608,193976
20609,264965
20610,196145
20611,167929
20612,218666
20613,184558
20614,277110
20615,196288
20616,277714
20617,208136
20618,265701
20619,220333
20620,277400
20621,168291
20622,194287
20623,277035
20624,265353
20625,253418
20626,153811
20627,184140
20628,264947
20629,183327
20630,220903
20631,265934
20632,182794
20633,194050
20634,166874
20635,277067
20636,167322
20637,253536
20638,152878
20639,252442
20640,183286
20641,276035
20642,276760
20643,265882
20644,206301
20645,208104
20646,276332
20647,193994
20648,168189
20649,218710
20650,218900
20651,182663
20652,252790
20653,184601
20654,183796
20655,277149
20656,152727
20657,206102
20658,265961
20659,220820
20660,220418
20661,195990
20662,152672
20663,183875
20664,153378
20665,208268
20666,253575
20667,277415
20668,275768
20669,253172
20670,182829
20671,206008
20672,276071
20673,264918
20674,195681
20675,196167
20676,153321
20677,265299
20678,266259
20679,277243
20680,152456
20681,265316
20682,153100
20683,183863
20684,252926
20685,183166
20686,276274
20687,168023
20688,253757
20689,266014
20690,207807
20691,183434
20692,251868
20693,183866
20694,265257
20695,266134
20696,277472
20697,275573
20698,167653
20699,253311
20700,220870
20701,266197
20702,252259
20703,182892
20704,265797
20705,182960
20706,265913
20707,167660
20708,183711
20709,152905
20710,196352
20711,253228
20712,167223
20713,276415
20714,183047
20715,184349
20716,253866
20717,253849
20718,251762
20719,153696
20720,253626
20721,206424
20722,275970
20723,182865
20724,264704
20725,275961
20726,167432
20727,206167
20728,167468
20729,195823
20730,220489
20731,153666
20732,266374
20733,266543
20734,206248
20735,253453
20736,182668
20737,182702
20738,265160
20739,167892
20740,277662
20741,277161
20742,184374
20743,183635
20744,266510
20745,264524
20746,276292
20747,264495
20748,277323
20749,277411
20750,218948
20751,220539
20752,264547
20753,253669
20754,218695
20755,183861
20756,276410
20757,183612
20758,182762
20759,252086
20760,167427
20761,218237
20762,218888
20763,264476
20764,194078
20765,206197
20766,277308
20767,220774
20768,264553
20769,276662
20770,183960
20771,251813
20772,153695
20773,183174
20774,152604
20775,220847
20776,153503
20777,182675
20778,276402
20779,252839
20780,196184
20781,220663
20782,196346
20783,220708
20784,277375
20785,167899
20786,153276
20787,276540
20788,266532
20789,166828
20790,152992
20791,277012
20792,253916
20793,183051
20794,206023
20795,207936
20796,218548
20797,183969
20798,152323
20799,152409
20800,168260
20801,220641
20802,183466
20803,252503
20804,167755
20805,218365
20806,168062
20807,218845
20808,194196
20809,276272
20810,183467
20811,276002
20812,182868
20813,264491
20814,168130
20815,208146
20816,252611
20817,208091
20818,251714
20819,183880
20820,251886
20821,206418
20822,183717
20823,253145
20824,265779
20825,182758
20826,153443
20827,265659
20828,206022
20829,166936
20830,195953
20831,276910
20832,276990
20833,206215
20834,276713
20835,276189
20836,251655
20837,153693
20838,168031
20839,253448
20840,218470
20841,276755
20842,265749
20843,183033
20844,253930
20845,184329
20846,183997
20847,220624
20848,184205
20849,206202
20850,196199
20851,153025
20852,184207
20853,194014
20854,167088
20855,253114
20856,207991
20857,277330
20858,275548
20859,252290
20860,252501
20861,252312
20862,184400
20863,276140
20864,253633
20865,275518
20866,183477
20867,167988
20868,253432
20869,276504
20870,153047
20871,182973
20872,167549
20873,193910
20874,266640
20875,254019
20876,182804
20877,220310
20878,183165
20879,166841
20880,183048
20881,277556
20882,183342
20883,152626
20884,266474
20885,275834
20886,253180
20887,264816
20888,167495
20889,252710
20890,168135
20891,153455
20892,193960
20893,253912
20894,276363
20895,276494
20896,218835
20897,275959
20898,195720
20899,220978
20900,253970
20901,253677
20902,194071
20903,182637
20904,252882
20905,265138
20906,265730
20907,253700
20908,264934
20909,220877
20910,264501
20911,253917
20912,184676
20913,264492
20914,184667
20915,252267
20916,218326
20917,265764
20918,206205
20919,276400
20920,152723
20921,220518
20922,153708
20923,276151
20924,220533
20925,252649
20926,265110
20927,264778
20928,152146
20929,152762
20930,207764
20931,265483
20932,277128
20933,220891
20934,266509
20935,275745
20936,218309
20937,276083
20938,252715
20939,206288
20940,265977
20941,266521
20942,208186
20943,276487
20944,264364
20945,265357
20946,153397
20947,218839
20948,254006
20949,276439
20950,277607
20951,252591
20952,184462
20953,208063
20954,207812
20955,218814
20956,206357
20957,252385
20958,167622
20959,152536
20960,183763
20961,184326
20962,277632
20963,182817
20964,275741
20965,195899
20966,220408
20967,183016
20968,167968
20969,252809
20970,251993
20971,218745
20972,218804
20973,275992
20974,266159
20975,206295
20976,206484
20977,276156
20978,166881
20979,184560
20980,276285
20981,252795
20982,166808
20983,207705
20984,182929
20985,265746
20986,183540
20987,277076
20988,182971
20989,183368
20990,252479
20991,276028
20992,253842
20993,206005
20994,153459
20995,265847
20996,153013
20997,251709
20998,266138
20999,195976
21000,168249
21001,252294
21002,182990
21003,264532
21004,277017
21005,265989
21006,208147
21007,194300
21008,266008
21009,265387
21010,218671
21011,184710
21012,183693
21013,167198
21014,265223
21015,253776
21016,184156
21017,266408
21018,182999
21019,253275
21020,218707
21021,183769
21022,265352
21023,252969
21024,184565
21025,276492
21026,275891
21027,184342
21028,275998
21029,167402
21030,183267
21031,152909
21032,218821
21033,276522
21034,196085
21035,194059
21036,183690
21037,252804
21038,253851
21039,252413
21040,265592
21041,264836
21042,183455
21043,220394
21044,152190
21045,220429
21046,277779
21047,183714
21048,277358
21049,264751
21050,251896
21051,266081
21052,194275
21053,183785
21054,205946
21055,252424
21056,167780
21057,183414
21058,277499
21059,206272
21060,167438
21061,266479
21062,218740
21063,266095
21064,252032
21065,167393
21066,208137
21067,206079
21068,264402
21069,206323
21070,153815
21071,167234
21072,251967
21073,152733
21074,220434
21075,277512
21076,252313
21077,252677
21078,265705
21079,265222
21080,166854
21081,167431
21082,167940
21083,253258
21084,265624
21085,252392
21086,152827
21087,153344
21088,196358
21089,266188
21090,152904
21091,218915
21092,167832
21093,220315
21094,264675
21095,153685
21096,264434
21097,265046
21098,184144
21099,252534
21100,184612
21101,265052
21102,264381
21103,251739
21104,253078
21105,251914
21106,167920
21107,218306
21108,277695
21109,277686
21110,218549
21111,183918
21112,167605
21113,254064
21114,264554
21115,206217
21116,194288
21117,276866
21118,152620
21119,208142
21120,266201
21121,183420
21122,251869
21123,218819
21124,220603
21125,251783
21126,253024
21127,251658
21128,153469
21129,183494
21130,220960
21131,264683
21132,252019
21133,266313
21134,183961
21135,206180
21136,253222
21137,252942
21138,153277
21139,184591
21140,205894
21141,184408
21142,152380
21143,275906
21144,266315
21145,253000
21146,167583
21147,183291
21148,252429
21149,218251
21150,276816
21151,265460
21152,253015
21153,152397
21154,153197
21155,266402
21156,184573
21157,167623
21158,275653
21159,194405
21160,254120
21161,265926
21162,251829
21163,254084
21164,253280
21165,184239
21166,253295
21167,168244
21168,167614
21169,196248
21170,153732
21171,208141
21172,266372
21173,206059
21174,196213
21175,265411
21176,194088
21177,264835
21178,218388
21179,196175
21180,252860
21181,253661
21182,193993
21183,193920
21184,184376
21185,218822
21186,206130
21187,207740
21188,277705
21189,266557
21190,265556
21191,152354
21192,205927
21193,184563
21194,277522
21195,168360
21196,264992
21197,253415
21198,207931
21199,253630
21200,182974
21201,266113
21202,264843
21203,277824
21204,168033
21205,152455
21206,276600
21207,264914
21208,253506
21209,184510
21210,218530
21211,167949
21212,195861
21213,182772
21214,207865
21215,220327
21216,195924
21217,266087
21218,265584
21219,264446
21220,184494
21221,206390
21222,253444
21223,276354
21224,266003
21225,208065
21226,183298
21227,208152
21228,153765
21229,220360
21230,206230
21231,167247
21232,184148
21233,168116
21234,277668
21235,276954
21236,167535
21237,252370
21238,183223
21239,266591
21240,220784
21241,265255
21242,265196
21243,275911
21244,253923
21245,277285
21246,184471
21247,253922
21248,276991
21249,196381
21250,253920
21251,196097
21252,276692
21253,153360
21254,194353
21255,265544
21256,218653
21257,277001
21258,220918
21259,166823
21260,182802
21261,183315
21262,183308
21263,266155
21264,167362
21265,207853
21266,276873
21267,184277
21268,277688
21269,276967
21270,264576
21271,252853
21272,195916
21273,205918
21274,183281
21275,196398
21276,206168
21277,183905
21278,207738
21279,153436
21280,265274
21281,184491
21282,168117
21283,265621
21284,253698
21285,208275
21286,265224
21287,152122
21288,184543
21289,206372
21290,218311
21291,196267
21292,153072
21293,275799
21294,168246
21295,183624
21296,275761
21297,265051
21298,152650
21299,277286
21300,152995
21301,265009
21302,253743
21303,277545
21304,253403
21305,265900
21306,220332
21307,252400
21308,265282
21309,253034
21310,264531
21311,206364
21312,152241
21313,220575
21314,183063
21315,152309
21316,218714
21317,183606
21318,207772
21319,266638
21320,253754
21321,277833
21322,183922
21323,276279
21324,266355
21325,183413
21326,252568
21327,275655
21328,252205
21329,195756
21330,167639
21331,265957
21332,252601
21333,183637
21334,184584
21335,265538
21336,264487
21337,275885
21338,276613
21339,252285
21340,184059
21341,195841
21342,251984
21343,265904
21344,266575
21345,152895
21346,252031
21347,253033
21348,183864
21349,152343
21350,220716
21351,220780
21352,276684
21353,208101
21354,218602
21355,265612
21356,206119
21357,253368
21358,153232
21359,264668
21360,265069
21361,276762
21362,252917
21363,275825
21364,152782
21365,206001
21366,275724
21367,194299
21368,220524
21369,167719
21370,152337
21371,254055
21372,266488
21373,153028
21374,194292
21375,183358
21376,152181
21377,207988
21378,207954
21379,183992
21380,252452
21381,220772
21382,277129
21383,275634
21384,252960
21385,184701
21386,265581
21387,153542
21388,153809
21389,265254
21390,183831
21391,183103
21392,153621
21393,276637
21394,253840
21395,220830
21396,275602
21397,253310
21398,220296
21399,265954
21400,218705
21401,252989
21402,183950
21403,251651
21404,195980
21405,168076
21406,183966
21407,152532
21408,266623
21409,206398
21410,196338
21411,218815
21412,220655
21413,193998
21414,182756
21415,166863
21416,183442
21417,218801
21418,266299
21419,207987
21420,183137
21421,153812
21422,220535
21423,196366
21424,153117
21425,184708
21426,152610
21427,168065
21428,166923
21429,168362
21430,266271
21431,193908
21432,220485
21433,194322
21434,167230
21435,184020
21436,276479
21437,167290
21438,265029
21439,167238
21440,253847
21441,218471
21442,276720
21443,206249
21444,252925
21445,252766
21446,251876
21447,252663
21448,276666
21449,152809
21450,220568
21451,218393
21452,252150
21453,196278
21454,266022
21455,167879
21456,152686
21457,184663
21458,220436
21459,251945
21460,194455
21461,220499
21462,153292
21463,196083
21464,264845
21465,276362
21466,183576
21467,206219
21468,196356
21469,275601
21470,207830
21471,206039
21472,182787
21473,276484
21474,183511
21475,252257
21476,194336
21477,168348
21478,220571
21479,183000
21480,183004
21481,275783
21482,275889
21483,253856
21484,220432
21485,207703
21486,168040
21487,265792
21488,266170
21489,253093
21490,252486
21491,193853
21492,276227
21493,264877
21494,253934
21495,167113
21496,218634
21497,264653
21498,276326
21499,264850
21500,184515
21501,182826
21502,194231
21503,275694
21504,184081
21505,153572
21506,253744
21507,194349
21508,152754
21509,206053
21510,265723
21511,254094
21512,266448
21513,152912
21514,196387
21515,196127
21516,220318
21517,183848
21518,183132
21519,195719
21520,206416
21521,277719
21522,253178
21523,265265
21524,153192
21525,167127
21526,252494
21527,218919
21528,276908
21529,195874
21530,183227
21531,266496
21532,167916
21533,196067
21534,167600
21535,277368
21536,265371
21537,275816
21538,207880
21539,152993
21540,218782
21541,266464
21542,251850
21543,265003
21544,275784
21545,184593
21546,252536
21547,220513
21548,265496
21549,152774
21550,265044
21551,184243
21552,168326
21553,207937
21554,206013
21555,208099
21556,276641
21557,184635
21558,166956
21559,153451
21560,153235
21561,252610
21562,265463
21563,265369
21564,276357
21565,252696
21566,152769
21567,265461
21568,153589
21569,182647
21570,253231
21571,152964
21572,182739
21573,253664
21574,275921
21575,277513
21576,195974
21577,183596
21578,220911
21579,252009
21580,265618
21581,194318
21582,220936
21583,264397
21584,167604
21585,252844
21586,251815
21587,152624
21588,220339
21589,206200
21590,253522
21591,168167
21592,276788
21593,167768
21594,183180
21595,205933
21596,183306
21597,277839
21598,195884
21599,265943
21600,265041
21601,152978
21602,275539
21603,265125
21604,251726
21605,152232
21606,183798
21607,265363
21608,265530
21609,207862
21610,253405
21611,167845
21612,252599
21613,265827
21614,183143
21615,206017
21616,184588
21617,253436
21618,206435
21619,218303
21620,252846
21621,195911
21622,253523
21623,167385
21624,266231
21625,277199
21626,184003
21627,183084
21628,266040
21629,182816
21630,182635
21631,276574
21632,153408
21633,276043
21634,184484
21635,206179
21636,206027
21637,183698
21638,208256
21639,153124
21640,264913
21641,184698
21642,152740
21643,196229
21644,252524
21645,266346
21646,184580
21647,277225
21648,196353
21649,253435
21650,168050
21651,276188
21652,252512
21653,167040
21654,253041
21655,183012
21656,275840
21657,220755
21658,253825
21659,266190
21660,168163
21661,276951
21662,183822
21663,276241
21664,276060
21665,167981
21666,166935
21667,153448
21668,266189
21669,184246
21670,265981
21671,153093
21672,276921
21673,266370
21674,152448
21675,184170
21676,253495
21677,167331
21678,265219
21679,276681
21680,277055
21681,152390
21682,265452
21683,167332
21684,206170
21685,206243
21686,266478
21687,167317
21688,184538
21689,277784
21690,194282
21691,276261
21692,253790
21693,167688
21694,167219
21695,264677
21696,195904
21697,252777
21698,266202
21699,152509
21700,167680
21701,207879
21702,220562
21703,218569
21704,166980
21705,218661
21706,252489
21707,184055
21708,276578
21709,251779
21710,265772
21711,277508
21712,276576
21713,252923
21714,253574
21715,253640
21716,194020
21717,266334
21718,168296
21719,184413
21720,275728
21721,153702
21722,220292
21723,152226
21724,275867
21725,265136
21726,253765
21727,264842
21728,183362
21729,168166
21730,264516
21731,167611
21732,277059
21733,182842
21734,184716
21735,218429
21736,253942
21737,252469
21738,252436
21739,275930
21740,168376
21741,251866
21742,276564
21743,265668
21744,441141
21745,478955
21746,476986
21747,479144
21748,483362
21749,478849
21750,478838
21751,437121
21752,478917
21753,122005
21754,479162
21755,121838
21756,484808
21757,478827
21758,477032
21759,477065
21760,483153
21761,479332
21762,122051
21763,487329
21764,474760
21765,440887
21766,479027
21767,477261
21768,441655
21769,109945
21770,479271
21771,440955
21772,121951
21773,445890
21774,115782
21775,483001
21776,441792
21777,110022
21778,446333
21779,441537
21780,479281
21781,115919
21782,487418
21783,437135
21784,478858
21785,437249
21786,115968
21787,487720
21788,479188
21789,437032
21790,436841
21791,121992
21792,487520
21793,487686
21794,441750
21795,116047
21796,477216
21797,436693
21798,441562
21799,116187
21800,122059
21801,483243
21802,115828
21803,445930
21804,487645
21805,436641
21806,116140
21807,483512
21808,441615
21809,445963
21810,476984
21811,441375
21812,479020
21813,115932
21814,115970
21815,122018
21816,441046
21817,116203
21818,479235
21819,487679
21820,483307
21821,115912
21822,115818
21823,477250
21824,487282
21825,477087
21826,483504
21827,109950
21828,477206
21829,115966
21830,483547
21831,483257
21832,478811
21833,441734
21834,441259
21835,441469
21836,474860
21837,479006
21838,122055
21839,436600
21840,436998
21841,483520
21842,446353
21843,477234
21844,441496
21845,487621
21846,483035
21847,487675
21848,121781
21849,484883
21850,441121
21851,483142
21852,477022
21853,441111
21854,436716
21855,122066
21856,436690
21857,483103
21858,441308
21859,436941
21860,121806
21861,441786
21862,483082
21863,446173
21864,479123
21865,441274
21866,116028
21867,437222
21868,479179
21869,477214
21870,487452
21871,477373
21872,484954
21873,445766
21874,441583
21875,440973
21876,445796
21877,483242
21878,441041
21879,474867
21880,116194
21881,437248
21882,483328
21883,482994
21884,487469
21885,446255
21886,484984
21887,478893
21888,110169
21889,440924
21890,483317
21891,479126
21892,487396
21893,446166
21894,483107
21895,484972
21896,487430
21897,110050
21898,121807
21899,436717
21900,116026
21901,441202
21902,484941
21903,436848
21904,477360
21905,487419
21906,436932
21907,445773
21908,487441
21909,483132
21910,483505
21911,487662
21912,116210
21913,441739
21914,478866
21915,436745
21916,479282
21917,487535
21918,478950
21919,437188
21920,484832
21921,479050
21922,441269
21923,446043
21924,121743
21925,116109
21926,436931
21927,441791
21928,440878
21929,441168
21930,436802
21931,445812
21932,477107
21933,446298
21934,437056
21935,478960
21936,487483
21937,121993
21938,441497
21939,478819
21940,487597
21941,478755
21942,446253
21943,121959
21944,115929
21945,476991
21946,477020
21947,483069
21948,484793
21949,441102
21950,437160
21951,477156
21952,484770
21953,487654
21954,121978
21955,474888
21956,436565
21957,484852
21958,121999
21959,482998
21960,441389
21961,483250
21962,479258
21963,483320
21964,483074
21965,485026
21966,441620
21967,437174
21968,478852
21969,440902
21970,474803
21971,483438
21972,441228
21973,478833
21974,474792
21975,437172
21976,479000
21977,436933
21978,436708
21979,116072
21980,446009
21981,440837
21982,445906
21983,478867
21984,110127
21985,441234
21986,116054
21987,474838
21988,436672
21989,474835
21990,483415
21991,110184
21992,487491
21993,484801
21994,487406
21995,121958
21996,474744
21997,441702
21998,487570
21999,484796
22000,477356
22001,441163
22002,115973
22003,483370
22004,115978
22005,474764
22006,483271
22007,484803
22008,441381
22009,436784
22010,110030
22011,483022
22012,122044
22013,477162
22014,445876
22015,121893
22016,484948
22017,441783
22018,436962
22019,436851
22020,445872
22021,440833
22022,446325
22023,440913
22024,446233
22025,479083
22026,477133
22027,116074
22028,121837
22029,446051
22030,477317
22031,121954
22032,479207
22033,445790
22034,436640
22035,487546
22036,116008
22037,477177
22038,437271
22039,116135
22040,477090
22041,477155
22042,115775
22043,483554
22044,441718
22045,440889
22046,121852
22047,441480
22048,441200
22049,484931
22050,110076
22051,437176
22052,116021
22053,477339
22054,483487
22055,441050
22056,115824
22057,110066
22058,479252
22059,446115
22060,116045
22061,115900
22062,446030
22063,484840
22064,437076
22065,122056
22066,441348
22067,483475
22068,109955
22069,474813
22070,446265
22071,477309
22072,487688
22073,441204
22074,483021
22075,445874
22076,446050
22077,483455
22078,446338
22079,474755
22080,483184
22081,476976
22082,121868
22083,441169
22084,440822
22085,479016
22086,483152
22087,474818
22088,441008
22089,483177
22090,436800
22091,115980
22092,441363
22093,483471
22094,479018
22095,116002
22096,440972
22097,483402
22098,484757
22099,445794
22100,483476
22101,445926
22102,441378
22103,441668
22104,110164
22105,441311
22106,484813
22107,487629
22108,440918
22109,110142
22110,440839
22111,483532
22112,110061
22113,436826
22114,483366
22115,441115
22116,436559
22117,479310
22118,446089
22119,440908
22120,441344
22121,441160
22122,446018
22123,478834
22124,115957
22125,477015
22126,479084
22127,483541
22128,441494
22129,484768
22130,445816
22131,484917
22132,115833
22133,474904
22134,110027
22135,474855
22136,441128
22137,441017
22138,483127
22139,122054
22140,483419
22141,477066
22142,110057
22143,436910
22144,446137
22145,483073
22146,483298
22147,478975
22148,483051
22149,479216
22150,474763
22151,483060
22152,478898
22153,445996
22154,441065
22155,441609
22156,115994
22157,437266
22158,483126
22159,483113
22160,477221
22161,445763
22162,487571
22163,474735
22164,483302
22165,487427
22166,445737
22167,484978
22168,441297
22169,477114
22170,446270
22171,477266
22172,483518
22173,482999
22174,479324
22175,479153
22176,484943
22177,479108
22178,121860
22179,485036
22180,116147
22181,110046
22182,441475
22183,484828
22184,116022
22185,477332
22186,441212
22187,479313
22188,441524
22189,116001
22190,477222
22191,441093
22192,483156
22193,121976
22194,474787
22195,116062
22196,441186
22197,115956
22198,477201
22199,115904
22200,478927
22201,474809
22202,487632
22203,436898
22204,479137
22205,445948
22206,487552
22207,441450
22208,441473
22209,436654
22210,487335
22211,122003
22212,122057
22213,446130
22214,483449
22215,441555
22216,441695
22217,483293
22218,474828
22219,446306
22220,437034
22221,437124
22222,478862
22223,440821
22224,440862
22225,109909
22226,110026
22227,437020
22228,436548
22229,121944
22230,122031
22231,483238
22232,483358
22233,483165
22234,116040
22235,479237
22236,479017
22237,478935
22238,116036
22239,441326
22240,441605
22241,446283
22242,479169
22243,478775
22244,446094
22245,487299
22246,487260
22247,445759
22248,477192
22249,122049
22250,436667
22251,437049
22252,436704
22253,116209
22254,478792
22255,436664
22256,487365
22257,483379
22258,115875
22259,437127
22260,441789
22261,437115
22262,476990
22263,478798
22264,437245
22265,436661
22266,437230
22267,483516
22268,484955
22269,446097
22270,121826
22271,477074
22272,441738
22273,436695
22274,445992
22275,121768
22276,122011
22277,122047
22278,441630
22279,487496
22280,436793
22281,474774
22282,445757
22283,441410
22284,485030
22285,483101
22286,441498
22287,436626
22288,478909
22289,441373
22290,477056
22291,483485
22292,437216
22293,441585
22294,477199
22295,479129
22296,478942
22297,487442
22298,478940
22299,446025
22300,115971
22301,121898
22302,441690
22303,478922
22304,485027
22305,437059
22306,483465
22307,474765
22308,474759
22309,483357
22310,441748
22311,437029
22312,121948
22313,436971
22314,477067
22315,446052
22316,116101
22317,484784
22318,437200
22319,479268
22320,121776
22321,487661
22322,487606
22323,446330
22324,446350
22325,483468
22326,115958
22327,483182
22328,479248
22329,436832
22330,441580
22331,477313
22332,478864
22333,478826
22334,440922
22335,483424
22336,474834
22337,477321
22338,446226
22339,441569
22340,446193
22341,446204
22342,445895
22343,478815
22344,445743
22345,479143
22346,446344
22347,478780
22348,116207
22349,477329
22350,445772
22351,116173
22352,483395
22353,477187
22354,445957
22355,441519
22356,487478
22357,474872
22358,445755
22359,110024
22360,436833
22361,474770
22362,437023
22363,110130
22364,445880
22365,441158
22366,478773
22367,478789
22368,109948
22369,436807
22370,440890
22371,445825
22372,437091
22373,110040
22374,477044
22375,436844
22376,478799
22377,445912
22378,437042
22379,483125
22380,441527
22381,441459
22382,441500
22383,487291
22384,483160
22385,436683
22386,441426
22387,437080
22388,479325
22389,441554
22390,441490
22391,487261
22392,479180
22393,110006
22394,437051
22395,441031
22396,477354
22397,441451
22398,115906
22399,479321
22400,474912
22401,441788
22402,441423
22403,109962
22404,477050
22405,441064
22406,110195
22407,121986
22408,446256
22409,446064
22410,109957
22411,441453
22412,487259
22413,484807
22414,445883
22415,483435
22416,483164
22417,474850
22418,487384
22419,478937
22420,446332
22421,109933
22422,122053
22423,436925
22424,446138
22425,483110
22426,479198
22427,440965
22428,477265
22429,121962
22430,483106
22431,487475
22432,436555
22433,483423
22434,477005
22435,487634
22436,437125
22437,478916
22438,436659
22439,479185
22440,483097
22441,121968
22442,441756
22443,478958
22444,437180
22445,441058
22446,441053
22447,477083
22448,441643
22449,441387
22450,441782
22451,122024
22452,115946
22453,477268
22454,474811
22455,477247
22456,479196
22457,446179
22458,436982
22459,483334
22460,445819
22461,441390
22462,436916
22463,115891
22464,474845
22465,487307
22466,441737
22467,477258
22468,483099
22469,441370
22470,487605
22471,479022
22472,487560
22473,483003
22474,477362
22475,121981
22476,110139
22477,115851
22478,484864
22479,122002
22480,487563
22481,474890
22482,437220
22483,441304
22484,441708
22485,479189
22486,440948
22487,109982
22488,479042
22489,446272
22490,487599
22491,445885
22492,121816
22493,479302
22494,441080
22495,485003
22496,436767
22497,484889
22498,110067
22499,479234
22500,441419
22501,441422
22502,115779
22503,479292
22504,441468
22505,477143
22506,121738
22507,440900
22508,441567
22509,487376
22510,474771
22511,487503
22512,487297
22513,446019
22514,483138
22515,440910
22516,477349
22517,478936
22518,441746
22519,115901
22520,477018
22521,110126
22522,446170
22523,483049
22524,477209
22525,478979
22526,484891
22527,446216
22528,441688
22529,437243
22530,441484
22531,474893
22532,440879
22533,446098
22534,479068
22535,441270
22536,446267
22537,122058
22538,477120
22539,483189
22540,446040
22541,116058
22542,483548
22543,440949
22544,487647
22545,446082
22546,115897
22547,441140
22548,474719
22549,436623
22550,441660
22551,479005
22552,485009
22553,479115
22554,478840
22555,474876
22556,440861
22557,487485
22558,478843
22559,440930
22560,479031
22561,483011
22562,445866
22563,477082
22564,483431
22565,437098
22566,116107
22567,121785
22568,116108
22569,437276
22570,478868
22571,115961
22572,445751
22573,478934
22574,441048
22575,115955
22576,441634
22577,483339
22578,441778
22579,436754
22580,436756
22581,115860
22582,478776
22583,121871
22584,437156
22585,487616
22586,479155
22587,479087
22588,476955
22589,110041
22590,116116
22591,115878
22592,121863
22593,440943
22594,484829
22595,487337
22596,483347
22597,477300
22598,446279
22599,485029
22600,487281
22601,109915
22602,436860
22603,115773
22604,441701
22605,441621
22606,115867
22607,487367
22608,484928
22609,474814
22610,436824
22611,487704
22612,483038
22613,487532
22614,441298
22615,441721
22616,116195
22617,441398
22618,115889
22619,446296
22620,110122
22621,446348
22622,441240
22623,110133
22624,436729
22625,487360
22626,445958
22627,445976
22628,441566
22629,477003
22630,479100
22631,441088
22632,445995
22633,437071
22634,441485
22635,110029
22636,474741
22637,483141
22638,109984
22639,446160
22640,446367
22641,477334
22642,436837
22643,441694
22644,440980
22645,478786
22646,474722
22647,436891
22648,441392
22649,487352
22650,479243
22651,483480
22652,441077
22653,474727
22654,437140
22655,436666
22656,436923
22657,479170
22658,441394
22659,437031
22660,441437
22661,446269
22662,441724
22663,446065
22664,479260
22665,116092
22666,441765
22667,441105
22668,483220
22669,479241
22670,446211
22671,115884
22672,474820
22673,446074
22674,121831
22675,474900
22676,109910
22677,483401
22678,440933
22679,440838
22680,115918
22681,441104
22682,436780
22683,441591
22684,122068
22685,478926
22686,436747
22687,483433
22688,483550
22689,441320
22690,440823
22691,115945
22692,477031
22693,483373
22694,487407
22695,445972
22696,110134
22697,478910
22698,487479
22699,116171
22700,110190
22701,115992
22702,436927
22703,484817
22704,436699
22705,477028
22706,441502
22707,477293
22708,487512
22709,478824
22710,437122
22711,483056
22712,441376
22713,441239
22714,484857
22715,477059
22716,477242
22717,110078
22718,441132
22719,446014
22720,441371
22721,441267
22722,483502
22723,445741
22724,441552
22725,116014
22726,478929
22727,441033
22728,478794
22729,115778
22730,487694
22731,479308
22732,487342
22733,115939
22734,445878
22735,484869
22736,477217
22737,445936
22738,479314
22739,483191
22740,487447
22741,437131
22742,483345
22743,477305
22744,110052
22745,445975
22746,479028
22747,110196
22748,437099
22749,441055
22750,109923
22751,478951
22752,484932
22753,477260
22754,436809
22755,487425
22756,115874
22757,483440
22758,487685
22759,436578
22760,441614
22761,115896
22762,487453
22763,441330
22764,477335
22765,477124
22766,478875
22767,479250
22768,441179
22769,446323
22770,440834
22771,122038
22772,115785
22773,483316
22774,436657
22775,110206
22776,436795
22777,440967
22778,437202
22779,436965
22780,474924
22781,441571
22782,487459
22783,436892
22784,441749
22785,437197
22786,437259
22787,441343
22788,487652
22789,115786
22790,121841
22791,116030
22792,115920
22793,474742
22794,436811
22795,487290
22796,436631
22797,479019
22798,441367
22799,477103
22800,441631
22801,483111
22802,441386
22803,474799
22804,483078
22805,483120
22806,487400
22807,474736
22808,110203
22809,121744
22810,116094
22811,110043
22812,436770
22813,116137
22814,474732
22815,487467
22816,477158
22817,121975
22818,110197
22819,441129
22820,110116
22821,483495
22822,483513
22823,110124
22824,477322
22825,484779
22826,436847
22827,436873
22828,437103
22829,436552
22830,479054
22831,478832
22832,441730
22833,487514
22834,441758
22835,474841
22836,121915
22837,484974
22838,477037
22839,441221
22840,436879
22841,483267
22842,483102
22843,445776
22844,483394
22845,445907
22846,484926
22847,477301
22848,121857
22849,110159
22850,441477
22851,478865
22852,478965
22853,446314
22854,109913
22855,446134
22856,437083
22857,122017
22858,115963
22859,479167
22860,483227
22861,474862
22862,441081
22863,478861
22864,437221
22865,446242
22866,437046
22867,478880
22868,483343
22869,441454
22870,483538
22871,436757
22872,479312
22873,479002
22874,121924
22875,441747
22876,484897
22877,477078
22878,487372
22879,437011
22880,483064
22881,121820
22882,487667
22883,436739
22884,441455
22885,479039
22886,446273
22887,487515
22888,479323
22889,121879
22890,478996
22891,441696
22892,477299
22893,483266
22894,110157
22895,445986
22896,445962
22897,116104
22898,441082
22899,441427
22900,441369
22901,477233
22902,437136
22903,445940
22904,483062
22905,483422
22906,441586
22907,116122
22908,478871
22909,121858
22910,437199
22911,116033
22912,121808
22913,483546
22914,121792
22915,110015
22916,436740
22917,446107
22918,483115
22919,484998
22920,474726
22921,436710
22922,116121
22923,445803
22924,483279
22925,474846
22926,484957
22927,441159
22928,110147
22929,110101
22930,483410
22931,477248
22932,121874
22933,121834
22934,479024
22935,445953
22936,483413
22937,479240
22938,487528
22939,445899
22940,437142
22941,446142
22942,479183
22943,109966
22944,437033
22945,487343
22946,121926
22947,441656
22948,441170
22949,115997
22950,479328
22951,479278
22952,474877
22953,441532
22954,445971
22955,478790
22956,445767
22957,446275
22958,483524
22959,121946
22960,478779
22961,122030
22962,483201
22963,483146
22964,437009
22965,445786
22966,116025
22967,441146
22968,483493
22969,441101
22970,479026
22971,483294
22972,116197
22973,445893
22974,122006
22975,477105
22976,436763
22977,441061
22978,479264
22979,483244
22980,479046
22981,483044
22982,110113
22983,115783
22984,487576
22985,441684
22986,483229
22987,109946
22988,110183
22989,487413
22990,121823
22991,479012
22992,477175
22993,115804
22994,487578
22995,441794
22996,483081
22997,487527
22998,483533
22999,121750
23000,121804
23001,445798
23002,478902
23003,477328
23004,477085
23005,483245
23006,436730
23007,441137
23008,441350
23009,487588
23010,484964
23011,110086
23012,436689
23013,437047
23014,121869
23015,477062
23016,445762
23017,436950
23018,436621
23019,487401
23020,446029
23021,487482
23022,441508
23023,477189
23024,483100
23025,440960
23026,487580
23027,479244
23028,441522
23029,436884
23030,483208
23031,121943
23032,436893
23033,483282
23034,441108
23035,474870
23036,122026
23037,115960
23038,477023
23039,477104
23040,479253
23041,109973
23042,121803
23043,436768
23044,477140
23045,121913
23046,487333
23047,484820
23048,436996
23049,478821
23050,436675
23051,446239
23052,477110
23053,115893
23054,445925
23055,441030
23056,484901
23057,121786
23058,122040
23059,477276
23060,479096
23061,487608
23062,446212
23063,487591
23064,121867
23065,483470
23066,121779
23067,436703
23068,446147
23069,479111
23070,487519
23071,477252
23072,441238
23073,122041
23074,441474
23075,436705
23076,441193
23077,115817
23078,437209
23079,484909
23080,483149
23081,446131
23082,478818
23083,474885
23084,479131
23085,116102
23086,115777
23087,436842
23088,487350
23089,474910
23090,440816
23091,115987
23092,487728
23093,441576
23094,487642
23095,115916
23096,115993
23097,446093
23098,436995
23099,436644
23100,110209
23101,437129
23102,484997
23103,440977
23104,483542
23105,483109
23106,478810
23107,483497
23108,440881
23109,441377
23110,474887
23111,477277
23112,483170
23113,437265
23114,445964
23115,441557
23116,437235
23117,441647
23118,441626
23119,484936
23120,479043
23121,487562
23122,446062
23123,478845
23124,436712
23125,483118
23126,474896
23127,441669
23128,116180
23129,437053
23130,487726
23131,121811
23132,441246
23133,484858
23134,479041
23135,483066
23136,121972
23137,446119
23138,441062
23139,437112
23140,121947
23141,477150
23142,109995
23143,116084
23144,436822
23145,121784
23146,446229
23147,437182
23148,116031
23149,479199
23150,116136
23151,484956
23152,478938
23153,116076
23154,474882
23155,483006
23156,479327
23157,483094
23158,441657
23159,445916
23160,116012
23161,441001
23162,477213
23163,441338
23164,484782
23165,440936
23166,479092
23167,436964
23168,441548
23169,446234
23170,115806
23171,436785
23172,109920
23173,483312
23174,479034
23175,479269
23176,441740
23177,436579
23178,478969
23179,484831
23180,478870
23181,483277
23182,487648
23183,436968
23184,436549
23185,109930
23186,479267
23187,121778
23188,487696
23189,483429
23190,110007
23191,477119
23192,446057
23193,436762
23194,441636
23195,441153
23196,478912
23197,483535
23198,479213
23199,109959
23200,122061
23201,478808
23202,441415
23203,110093
23204,121855
23205,121910
23206,110143
23207,446187
23208,441252
23209,441208
23210,109964
23211,477198
23212,474822
23213,441563
23214,483210
23215,483354
23216,446331
23217,441293
23218,487699
23219,121896
23220,436691
23221,436583
23222,441733
23223,484930
23224,441687
23225,476972
23226,484961
23227,440993
23228,441435
23229,477246
23230,436872
23231,116114
23232,474817
23233,121887
23234,446086
23235,487403
23236,437002
23237,483525
23238,441785
23239,436755
23240,116124
23241,478878
23242,115974
23243,110180
23244,445868
23245,446240
23246,436903
23247,115975
23248,437006
23249,441066
23250,436734
23251,121764
23252,116110
23253,479049
23254,445801
23255,487701
23256,109935
23257,436783
23258,483274
23259,446352
23260,445734
23261,441289
23262,440814
23263,441045
23264,479287
23265,487321
23266,478897
23267,441353
23268,445978
23269,479291
23270,477137
23271,436836
23272,441069
23273,441112
23274,115829
23275,445865
23276,477184
23277,437162
23278,478999
23279,115811
23280,474873
23281,487633
23282,477238
23283,487643
23284,440869
23285,441499
23286,487381
23287,478932
23288,437192
23289,441677
23290,440829
23291,479274
23292,121985
23293,121775
23294,476995
23295,474762
23296,440950
23297,440978
23298,436686
23299,122019
23300,446005
23301,437093
23302,483121
23303,436944
23304,441207
23305,484776
23306,121892
23307,436557
23308,121884
23309,441171
23310,441162
23311,477311
23312,477055
23313,474829
23314,116079
23315,121866
23316,477203
23317,436821
23318,446091
23319,437048
23320,483133
23321,484971
23322,484809
23323,483301
23324,436776
23325,440850
23326,474854
23327,441542
23328,109997
23329,478973
23330,483503
23331,479040
23332,115913
23333,436788
23334,441316
23335,115952
23336,477125
23337,446159
23338,483174
23339,116042
23340,441693
23341,121741
23342,121973
23343,484890
23344,441403
23345,441020
23346,479086
23347,441796
23348,445973
23349,115837
23350,483417
23351,436798
23352,474794
23353,121828
23354,116007
23355,440912
23356,441536
23357,436633
23358,440946
23359,479299
23360,479227
23361,116130
23362,483335
23363,484836
23364,436733
23365,477132
23366,487410
23367,483252
23368,446210
23369,487362
23370,474713
23371,487295
23372,445983
23373,116091
23374,436939
23375,437066
23376,446020
23377,484927
23378,441717
23379,487613
23380,474865
23381,441313
23382,487525
23383,122029
23384,487594
23385,441589
23386,122067
23387,483340
23388,110013
23389,110054
23390,115821
23391,487534
23392,437181
23393,445792
23394,487584
23395,485002
23396,474725
23397,484983
23398,440920
23399,483218
23400,474731
23401,478919
23402,116131
23403,474751
23404,477130
23405,477351
23406,445908
23407,116184
23408,445802
23409,445836
23410,436986
23411,122010
23412,109963
23413,445771
23414,487429
23415,483498
23416,483530
23417,116053
23418,484993
23419,437044
23420,436627
23421,445857
23422,121856
23423,445889
23424,440998
23425,116133
23426,441711
23427,437240
23428,436551
23429,441635
23430,479193
23431,441131
23432,479294
23433,483336
23434,477135
23435,478820
23436,109931
23437,487328
23438,483365
23439,487595
23440,479279
23441,478992
23442,115835
23443,110105
23444,487557
23445,484979
23446,441425
23447,115910
23448,483063
23449,483380
23450,445896
23451,446080
23452,483464
23453,484967
23454,440818
23455,121888
23456,436646
23457,487655
23458,445951
23459,446201
23460,436922
23461,484775
23462,477371
23463,479228
23464,477307
23465,483265
23466,121997
23467,441638
23468,478907
23469,441444
23470,484866
23471,477294
23472,436635
23473,445869
23474,445748
23475,483331
23476,110165
23477,479270
23478,478957
23479,115861
23480,110020
23481,485021
23482,487607
23483,436940
23484,441290
23485,445775
23486,110055
23487,440896
23488,437130
23489,487258
23490,436894
23491,436990
23492,436750
23493,446073
23494,477368
23495,110047
23496,437075
23497,441145
23498,479334
23499,485024
23500,483105
23501,483540
23502,483273
23503,116089
23504,445974
23505,115991
23506,110141
23507,476975
23508,478859
23509,477237
23510,441357
23511,121854
23512,487517
23513,478793
23514,441134
23515,436840
23516,441559
23517,478855
23518,483173
23519,441302
23520,115823
23521,487434
23522,445999
23523,483169
23524,474797
23525,441793
23526,487687
23527,441628
23528,478988
23529,487507
23530,479277
23531,110077
23532,484802
23533,477112
23534,484947
23535,441689
23536,116164
23537,116075
23538,484946
23539,487554
23540,474919
23541,441572
23542,115784
23543,437164
23544,445808
23545,474740
23546,441015
23547,110014
23548,484899
23549,441790
23550,441467
23551,109998
23552,437054
23553,479094
23554,110012
23555,479300
23556,436889
23557,436573
23558,477153
23559,445861
23560,116182
23561,115810
23562,478796
23563,487278
23564,483095
23565,474859
23566,121839
23567,474789
23568,110111
23569,121846
23570,441335
23571,477212
23572,110017
23573,487710
23574,445923
23575,436796
23576,437262
23577,440956
23578,116088
23579,483451
23580,110001
23581,436960
23582,436602
23583,121761
23584,479295
23585,440847
23586,483193
23587,116148
23588,110087
23589,487708
23590,436658
23591,121747
23592,121824
23593,441515
23594,109921
23595,115922
23596,441042
23597,484908
23598,487698
23599,487723
23600,487446
23601,437161
23602,441683
23603,116113
23604,115834
23605,440841
23606,441196
23607,446056
23608,441175
23609,437228
23610,487666
23611,487582
23612,436976
23613,110025
23614,479320
23615,116167
23616,477092
23617,479195
23618,483450
23619,479309
23620,437087
23621,446218
23622,477080
23623,110019
23624,441679
23625,479182
23626,487379
23627,441264
23628,484835
23629,483313
23630,440849
23631,477096
23632,436887
23633,436984
23634,437055
23635,116202
23636,436778
23637,121842
23638,487443
23639,441414
23640,109914
23641,436769
23642,436787
23643,478959
23644,477051
23645,440860
23646,487347
23647,446200
23648,110065
23649,110100
23650,477346
23651,446288
23652,110023
23653,121950
23654,436694
23655,437267
23656,441682
23657,122033
23658,441286
23659,487286
23660,446274
23661,487568
23662,121801
23663,477064
23664,487566
23665,477345
23666,436782
23667,487324
23668,116029
23669,437214
23670,437094
23671,484880
23672,441397
23673,441022
23674,121877
23675,479306
23676,110154
23677,441716
23678,116178
23679,115969
23680,121752
23681,110071
23682,122020
23683,441505
23684,477282
23685,487724
23686,446207
23687,483061
23688,483303
23689,436901
23690,109988
23691,441218
23692,437077
23693,478961
23694,110188
23695,441650
23696,436999
23697,441187
23698,441226
23699,483521
23700,446227
23701,441095
23702,437154
23703,115879
23704,121748
23705,484765
23706,437260
23707,487300
23708,487506
23709,483014
23710,474795
23711,437070
23712,483263
23713,437204
23714,483377
23715,487706
23716,441126
23717,483124
23718,441596
23719,436804
23720,477009
23721,446215
23722,436568
23723,436586
23724,445844
23725,436831
23726,110208
23727,441284
23728,487432
23729,441795
23730,477144
23731,485025
23732,115941
23733,441079
23734,110035
23735,487338
23736,478846
23737,445813
23738,115950
23739,477220
23740,487477
23741,477010
23742,110036
23743,116043
23744,116011
23745,441265
23746,487612
23747,440854
23748,121757
23749,487468
23750,477157
23751,440981
23752,487331
23753,440817
23754,109943
23755,483260
23756,437275
23757,479103
23758,483284
23759,477314
23760,109912
23761,437229
23762,445970
23763,479247
23764,477231
23765,436914
23766,441404
23767,110171
23768,436957
23769,436861
23770,436853
23771,115940
23772,440957
23773,484760
23774,446117
23775,478962
23776,436945
23777,479149
23778,436558
23779,483407
23780,477219
23781,441205
23782,446083
23783,474874
23784,441328
23785,445905
23786,446039
23787,110080
23788,483117
23789,487497
23790,441633
23791,441374
23792,483033
23793,477088
23794,478853
23795,116087
23796,121936
23797,478785
23798,484985
23799,110170
23800,487564
23801,436561
23802,441107
23803,440969
23804,446004
23805,441023
23806,483453
23807,436993
23808,437117
23809,479322
23810,477375
23811,440863
23812,478998
23813,479286
23814,487572
23815,436810
23816,436673
23817,436765
23818,484861
23819,487316
23820,116082
23821,446340
23822,441164
23823,445967
23824,441333
23825,476970
23826,487461
23827,483087
23828,441741
23829,116162
23830,441074
23831,121864
23832,440915
23833,115788
23834,477035
23835,437004
23836,446067
23837,479289
23838,483135
23839,436594
23840,441632
23841,445982
23842,479114
23843,441003
23844,477226
23845,121849
23846,446277
23847,121875
23848,446318
23849,479192
23850,441021
23851,487388
23852,487287
23853,440884
23854,476968
23855,437177
23856,477290
23857,479128
23858,436918
23859,474819
23860,436806
23861,110119
23862,440851
23863,474913
23864,436702
23865,446154
23866,487626
23867,440989
23868,477115
23869,477254
23870,437238
23871,483529
23872,116151
23873,441310
23874,483359
23875,487489
23876,441324
23877,487450
23878,478888
23879,483144
23880,116112
23881,441417
23882,483091
23883,487672
23884,441047
23885,445833
23886,487628
23887,121994
23888,478761
23889,116057
23890,477245
23891,445835
23892,121911
23893,479283
23894,440840
23895,115986
23896,121914
23897,436652
23898,436849
23899,437016
23900,121861
23901,477068
23902,441233
23903,441771
23904,440824
23905,476957
23906,441731
23907,478881
23908,484824
23909,116169
23910,110091
23911,436882
23912,436553
23913,436700
23914,479222
23915,484937
23916,446012
23917,445914
23918,483399
23919,436742
23920,441325
23921,441518
23922,446118
23923,109975
23924,446228
23925,483025
23926,445854
23927,487690
23928,483324
23929,479168
23930,441709
23931,441245
23932,445952
23933,446197
23934,110149
23935,116201
23936,484797
23937,115926
23938,122045
23939,483323
23940,115915
23941,445845
23942,483052
23943,483163
23944,446247
23945,445856
23946,437167
23947,121952
23948,109981
23949,446368
23950,115787
23951,446047
23952,121843
23953,436601
23954,441460
23955,484763
23956,484878
23957,436679
23958,437217
23959,477340
23960,441149
23961,479219
23962,441443
23963,477095
23964,121940
23965,116127
23966,477170
23967,483448
23968,110039
23969,477292
23970,445749
23971,437278
23972,115799
23973,477142
23974,436709
23975,484787
23976,116120
23977,483486
23978,487695
23979,110092
23980,483221
23981,478831
23982,110189
23983,437073
23984,478839
23985,436574
23986,484915
23987,483346
23988,445782
23989,483432
23990,479226
23991,441767
23992,476974
23993,441607
23994,110095
23995,483007
23996,487547
23997,445849
23998,446337
23999,441661
24000,478860
24001,441282
24002,436743
24003,441231
24004,478830
24005,446153
24006,479061
24007,110005
24008,487522
24009,122034
24010,483093
24011,441054
24012,437215
24013,479236
24014,477262
24015,441355
24016,483114
24017,483368
24018,436899
24019,116150
24020,446366
24021,115847
24022,487709
24023,446182
24024,121870
24025,484781
24026,483361
24027,436866
24028,121809
24029,116205
24030,446347
24031,479113
24032,437213
24033,445745
24034,487558
24035,110094
24036,479038
24037,445818
24038,445873
24039,436921
24040,476967
24041,440914
24042,441506
24043,437196
24044,479231
24045,436817
24046,441777
24047,474720
24048,477319
24049,440984
24050,122025
24051,477287
24052,478943
24053,477058
24054,436985
24055,441220
24056,437206
24057,441106
24058,484923
24059,476966
24060,487656
24061,441671
24062,115990
24063,474899
24064,477308
24065,437116
24066,436604
24067,484839
24068,483509
24069,479125
24070,121847
24071,474823
24072,122023
24073,477190
24074,436954
24075,446071
24076,116175
24077,441004
24078,440831
24079,441601
24080,477211
24081,441686
24082,477002
24083,479190
24084,477296
24085,441085
24086,116000
24087,483356
24088,441299
24089,477134
24090,477235
24091,441180
24092,436556
24093,479141
24094,437218
24095,484951
24096,474917
24097,437030
24098,479102
24099,477117
24100,110192
24101,479059
24102,441529
24103,436725
24104,441215
24105,446171
24106,116206
24107,477138
24108,441260
24109,446190
24110,440892
24111,487294
24112,116056
24113,440905
24114,487501
24115,441648
24116,110118
24117,478809
24118,478835
24119,484822
24120,121941
24121,484806
24122,110181
24123,437058
24124,441551
24125,441727
24126,441222
24127,109974
24128,441197
24129,436915
24130,487415
24131,487707
24132,445787
24133,487421
24134,121891
24135,441465
24136,441039
24137,487619
24138,483168
24139,441139
24140,441766
24141,437155
24142,446208
24143,487555
24144,440979
24145,487553
24146,483474
24147,440815
24148,479154
24149,477049
24150,483028
24151,484990
24152,483067
24153,483439
24154,479138
24155,436972
24156,437003
24157,441040
24158,121917
24159,109989
24160,477263
24161,437159
24162,441457
24163,440901
24164,110000
24165,479057
24166,477060
24167,477257
24168,484973
24169,483466
24170,436771
24171,437256
24172,441775
24173,478844
24174,483072
24175,121931
24176,446037
24177,441402
24178,437120
24179,121899
24180,477039
24181,474843
24182,437270
24183,440871
24184,441742
24185,474895
24186,437012
24187,445921
24188,121974
24189,445777
24190,441592
24191,436876
24192,484952
24193,445942
24194,483258
24195,440953
24196,483314
24197,446359
24198,487718
24199,483259
24200,441728
24201,441254
24202,479150
24203,115951
24204,487323
24205,445753
24206,487471
24207,437107
24208,441525
24209,441340
24210,483447
24211,445969
24212,477129
24213,487659
24214,441296
24215,441152
24216,484945
24217,479317
24218,446023
24219,477324
24220,436947
24221,110097
24222,474723
24223,474840
24224,478944
24225,110121
24226,478806
24227,436825
24228,445886
24229,483428
24230,116060
24231,121822
24232,487330
24233,441067
24234,437158
24235,436682
24236,441036
24237,487589
24238,478986
24239,121827
24240,477127
24241,477271
24242,441769
24243,121734
24244,446349
24245,484850
24246,483319
24247,436948
24248,437100
24249,441396
24250,110174
24251,446214
24252,487604
24253,445937
24254,446120
24255,474804
24256,441492
24257,445834
24258,436961
24259,483481
24260,487573
24261,440970
24262,446077
24263,437001
24264,487717
24265,110049
24266,437195
24267,440832
24268,446027
24269,479055
24270,446186
24271,116071
24272,477344
24273,487310
24274,441089
24275,477121
24276,487678
24277,479105
24278,487499
24279,436789
24280,441594
24281,487424
24282,445954
24283,483292
24284,487615
24285,436943
24286,437190
24287,441616
24288,479166
24289,484882
24290,479070
24291,446001
24292,474734
24293,121836
24294,478772
24295,436878
24296,487702
24297,445765
24298,437242
24299,440893
24300,487354
24301,441545
24302,445799
24303,115801
24304,487336
24305,446163
24306,116080
24307,436963
24308,478817
24309,478948
24310,436854
24311,440931
24312,485023
24313,115976
24314,441486
24315,474861
24316,116172
24317,445884
24318,478816
24319,479172
24320,446095
24321,436572
24322,436688
24323,441366
24324,441418
24325,441509
24326,483085
24327,440927
24328,477225
24329,440975
24330,115898
24331,474837
24332,436794
24333,446122
24334,115791
24335,441488
24336,487374
24337,110207
24338,446303
24339,477122
24340,437236
24341,479134
24342,483405
24343,484906
24344,440934
24345,116154
24346,110148
24347,437264
24348,477061
24349,478994
24350,110138
24351,122046
24352,479318
24353,441070
24354,477223
24355,477207
24356,116095
24357,122070
24358,115886
24359,116051
24360,484992
24361,437147
24362,483247
24363,478890
24364,474739
24365,474892
24366,441203
24367,487614
24368,485020
24369,440828
24370,437092
24371,484942
24372,482996
24373,116073
24374,487460
24375,441461
24376,487637
24377,441448
24378,477040
24379,436707
24380,484953
24381,483234
24382,477251
24383,477366
24384,487359
24385,436636
24386,437045
24387,484849
24388,474883
24389,479335
24390,479186
24391,116163
24392,483391
24393,478812
24394,436880
24395,436908
24396,115820
24397,116061
24398,483482
24399,474891
24400,115902
24401,487498
24402,446175
24403,441287
24404,116149
24405,487465
24406,483059
24407,436618
24408,479173
24409,479121
24410,479246
24411,441123
24412,445863
24413,441784
24414,110031
24415,115812
24416,487412
24417,446235
24418,483371
24419,110179
24420,474830
24421,116103
24422,483194
24423,436714
24424,441007
24425,474889
24426,441005
24427,441380
24428,487399
24429,121787
24430,115871
24431,445747
24432,436797
24433,487349
24434,115868
24435,479157
24436,436609
24437,479035
24438,479165
24439,122014
24440,446180
24441,479051
24442,446317
24443,477108
24444,436929
24445,110048
24446,446158
24447,116019
24448,436816
24449,121829
24450,483501
24451,437194
24452,487449
24453,474806
24454,483108
24455,478930
24456,440958
24457,446360
24458,487373
24459,477312
24460,474756
24461,436912
24462,436902
24463,484812
24464,474848
24465,483157
24466,487263
24467,479326
24468,436713
24469,436648
24470,477164
24471,484904
24472,110146
24473,487428
24474,446109
24475,446028
24476,441416
24477,483158
24478,446016
24479,485004
24480,440842
24481,483543
24482,446072
24483,441582
24484,441075
24485,121813
24486,446361
24487,483467
24488,441322
24489,487264
24490,122072
24491,477185
24492,487377
24493,483381
24494,446042
24495,474922
24496,483472
24497,445822
24498,479147
24499,487684
24500,122037
24501,484846
24502,122032
24503,115977
24504,478967
24505,436619
24506,116204
24507,115944
24508,479301
24509,479085
24510,436736
24511,474827
24512,483248
24513,116016
24514,441292
24515,436616
24516,479215
24517,479330
24518,477326
24519,436645
24520,477236
24521,484830
24522,441659
24523,437263
24524,110068
24525,446184
24526,110089
24527,116142
24528,437268
24529,484853
24530,437015
24531,440904
24532,445924
24533,446281
24534,446076
24535,487671
24536,478856
24537,446213
24538,483425
24539,479056
24540,109967
24541,479255
24542,436632
24543,437061
24544,115943
24545,487677
24546,477089
24547,445993
24548,483046
24549,441154
24550,441037
24551,477128
24552,487583
24553,116004
24554,477077
24555,441538
24556,487537
24557,487689
24558,445811
24559,479044
24560,477166
24561,483254
24562,441043
24563,484759
24564,115928
24565,487581
24566,109949
24567,483322
24568,479110
24569,474810
24570,476997
24571,122039
24572,436862
24573,445770
24574,485019
24575,445804
24576,477358
24577,116106
24578,440836
24579,115930
24580,437208
24581,121782
24582,446351
24583,440952
24584,483276
24585,479211
24586,436875
24587,477174
24588,441706
24589,483389
24590,483344
24591,441016
24592,483478
24593,487296
24594,484773
24595,487411
24596,487721
24597,115830
24598,109947
24599,116152
24600,436678
24601,446236
24602,478896
24603,487541
24604,484833
24605,436718
24606,437025
24607,441084
24608,478915
24609,477315
24610,483375
24611,436650
24612,474721
24613,437062
24614,487676
24615,436663
24616,437102
24617,483178
24618,441768
24619,485033
24620,437021
24621,478762
24622,487348
24623,116052
24624,437041
24625,436723
24626,436781
24627,116155
24628,441385
24629,478900
24630,483190
24631,441094
24632,441329
24633,487280
24634,474832
24635,479200
24636,483249
24637,479071
24638,121967
24639,483237
24640,474812
24641,483290
24642,479104
24643,440945
24644,116070
24645,441517
24646,441365
24647,479204
24648,485005
24649,483437
24650,446144
24651,436967
24652,483299
24653,479181
24654,115954
24655,483469
24656,437008
24657,487314
24658,437078
24659,478889
24660,483318
24661,484921
24662,122027
24663,484865
24664,478933
24665,477249
24666,436859
24667,441028
24668,477372
24669,483020
24670,445805
24671,440856
24672,116064
24673,121749
24674,441764
24675,440982
24676,441224
24677,483406
24678,487651
24679,115959
24680,441213
24681,479290
24682,441651
24683,445846
24684,110110
24685,446085
24686,483047
24687,441032
24688,436870
24689,115933
24690,484996
24691,479191
24692,474906
24693,446114
24694,479133
24695,477281
24696,436612
24697,122063
24698,446129
24699,115850
24700,446143
24701,484989
24702,446185
24703,116069
24704,487658
24705,445956
24706,479076
24707,441707
24708,436637
24709,121882
24710,477285
24711,484818
24712,121800
24713,437013
24714,110098
24715,478877
24716,479066
24717,483206
24718,116176
24719,121848
24720,487276
24721,476983
24722,446237
24723,474881
24724,487369
24725,440995
24726,116083
24727,441272
24728,121984
24729,115822
24730,109936
24731,121746
24732,441236
24733,478814
24734,484863
24735,477316
24736,446363
24737,484977
24738,479014
24739,116018
24740,440944
24741,446070
24742,440928
24743,121894
24744,446169
24745,110191
24746,436867
24747,478989
24748,441301
24749,110021
24750,479203
24751,436676
24752,441493
24753,441447
24754,446264
24755,440897
24756,446010
24757,116032
24758,483483
24759,436564
24760,446013
24761,441428
24762,115844
24763,487719
24764,121953
24765,478770
24766,445784
24767,479233
24768,437037
24769,479139
24770,478781
24771,487456
24772,474868
24773,436855
24774,121961
24775,477253
24776,446309
24777,116049
24778,445918
24779,441433
24780,479333
24781,474780
24782,436856
24783,478892
24784,487404
24785,110210
24786,440826
24787,440917
24788,477000
24789,446245
24790,446121
24791,483305
24792,441049
24793,436818
24794,441331
24795,479112
24796,477007
24797,121755
24798,446251
24799,441026
24800,487364
24801,109992
24802,445827
24803,483005
24804,440852
24805,110204
24806,436597
24807,115827
24808,116134
24809,483506
24810,476963
24811,110002
24812,487716
24813,436582
24814,484887
24815,477126
24816,121759
24817,441000
24818,116146
24819,110060
24820,441445
24821,479293
24822,479073
24823,484922
24824,441429
24825,479265
24826,483353
24827,441491
24828,436649
24829,441531
24830,441243
24831,487380
24832,436911
24833,478800
24834,487669
24835,478899
24836,441312
24837,474743
24838,446044
24839,484769
24840,484851
24841,115813
24842,441523
24843,440986
24844,474805
24845,446162
24846,437141
24847,487518
24848,483452
24849,479163
24850,441692
24851,121802
24852,121878
24853,437028
24854,437224
24855,121872
24856,487458
24857,476960
24858,483084
24859,121923
24860,441639
24861,479029
24862,446244
24863,477306
24864,441409
24865,478891
24866,446075
24867,445989
24868,445877
24869,436685
24870,441644
24871,437057
24872,487510
24873,487345
24874,437119
24875,476979
24876,436697
24877,478984
24878,445752
24879,441173
24880,477181
24881,441090
24882,483092
24883,441257
24884,441637
24885,446046
24886,441217
24887,437186
24888,483198
24889,437247
24890,436766
24891,476962
24892,446060
24893,441697
24894,478804
24895,487531
24896,479136
24897,478954
24898,437026
24899,487622
24900,122071
24901,483140
24902,487312
24903,478956
24904,121960
24905,445955
24906,483065
24907,445769
24908,484826
24909,484969
24910,446110
24911,441424
24912,441710
24913,115841
24914,446290
24915,437145
24916,437069
24917,487504
24918,441262
24919,441133
24920,445898
24921,440875
24922,115839
24923,477194
24924,441755
24925,483232
24926,110129
24927,440895
24928,121742
24929,445837
24930,110107
24931,487487
24932,483500
24933,479230
24934,477178
24935,436897
24936,477131
24937,110079
24938,441611
24939,487725
24940,487357
24941,437068
24942,121965
24943,109927
24944,441116
24945,440872
24946,446346
24947,446103
24948,477001
24949,477364
24950,487308
24951,483209
24952,115877
24953,483479
24954,446315
24955,110028
24956,487561
24957,479187
24958,116161
24959,478825
24960,474778
24961,474753
24962,436883
24963,483552
24964,483517
24965,477278
24966,109924
24967,110010
24968,477272
24969,122022
24970,477041
24971,441342
24972,115793
24973,110059
24974,487273
24975,474793
24976,483187
24977,479297
24978,441276
24979,441623
24980,446199
24981,478968
24982,484987
24983,445809
24984,110011
24985,437207
24986,479135
24987,487375
24988,484867
24989,474920
24990,440813
24991,109942
24992,116093
24993,441339
24994,483308
24995,484842
24996,436630
24997,445922
24998,110187
24999,474807
25000,479224
25001,478906
25002,441600
25003,483185
25004,477195
25005,109934
25006,487464
25007,437018
25008,437175
25009,487711
25010,484811
25011,116196
25012,115907
25013,477161
25014,110085
25015,115885
25016,440992
25017,121805
25018,479208
25019,441219
25020,115931
25021,479107
25022,441629
25023,483477
25024,446305
25025,446188
25026,446287
25027,484919
25028,477232
25029,121758
25030,122021
25031,115809
25032,484873
25033,121977
25034,116132
25035,483262
25036,478997
25037,446327
25038,110123
25039,110131
25040,484778
25041,446248
25042,436607
25043,487682
25044,440911
25045,121774
25046,441570
25047,483534
25048,440844
25049,110155
25050,445888
25051,441411
25052,441214
25053,115869
25054,437261
25055,474915
25056,446291
25057,441138
25058,441715
25059,446152
25060,477269
25061,116166
25062,441130
25063,478787
25064,436643
25065,441534
25066,445949
25067,484938
25068,441528
25069,441412
25070,483031
25071,115880
25072,436877
25073,477123
25074,483188
25075,437108
25076,115899
25077,445843
25078,487700
25079,483166
25080,441051
25081,487318
25082,436955
25083,437123
25084,441181
25085,478972
25086,109954
25087,479118
25088,441722
25089,436813
25090,474714
25091,483403
25092,487398
25093,478964
25094,483217
25095,477012
25096,116115
25097,436670
25098,440999
25099,110109
25100,479075
25101,483219
25102,441120
25103,477101
25104,441645
25105,121921
25106,483400
25107,487681
25108,436850
25109,479095
25110,487649
25111,474847
25112,446069
25113,483333
25114,116199
25115,445980
25116,441593
25117,110038
25118,487640
25119,487574
25120,437022
25121,437171
25122,110083
25123,441317
25124,476996
25125,483352
25126,116139
25127,487536
25128,476958
25129,115964
25130,487505
25131,484855
25132,121906
25133,122074
25134,446289
25135,441699
25136,446203
25137,436946
25138,441113
25139,121821
25140,483030
25141,445900
25142,483256
25143,483369
25144,446370
25145,483123
25146,436563
25147,440954
25148,474903
25149,484982
25150,483342
25151,484995
25152,436588
25153,440996
25154,487292
25155,477333
25156,479089
25157,483492
25158,121966
25159,436987
25160,483171
25161,474923
25162,441341
25163,446038
25164,484885
25165,441681
25166,483385
25167,110160
25168,441309
25169,121825
25170,483180
25171,479062
25172,484810
25173,441751
25174,487559
25175,487436
25176,483289
25177,441405
25178,122015
25179,483553
25180,445744
25181,121971
25182,446081
25183,121905
25184,445946
25185,477284
25186,110099
25187,484868
25188,446135
25189,441761
25190,474821
25191,477186
25192,484814
25193,122000
25194,479119
25195,477072
25196,483280
25197,483195
25198,109961
25199,441382
25200,446123
25201,115937
25202,477288
25203,440830
25204,477208
25205,487332
25206,483161
25207,474752
25208,116159
25209,483130
25210,487630
25211,116015
25212,487664
25213,446246
25214,478911
25215,484907
25216,474772
25217,478774
25218,478977
25219,116153
25220,479053
25221,436791
25222,483309
25223,115840
25224,441013
25225,474788
25226,483442
25227,110201
25228,483205
25229,483287
25230,436660
25231,110177
25232,116168
25233,441762
25234,440991
25235,487402
25236,121794
25237,474831
25238,483088
25239,121832
25240,445847
25241,441018
25242,483404
25243,477264
25244,445935
25245,478805
25246,441456
25247,436749
25248,446058
25249,441210
25250,121845
25251,121791
25252,110042
25253,115857
25254,478876
25255,115845
25256,479013
25257,476978
25258,436888
25259,437050
25260,445788
25261,441598
25262,477182
25263,479037
25264,121876
25265,441573
25266,487262
25267,479307
25268,483240
25269,487320
25270,436803
25271,436970
25272,445862
25273,121818
25274,483172
25275,445879
25276,440937
25277,474857
25278,436696
25279,115911
25280,121970
25281,436569
25282,479142
25283,441624
25284,487601
25285,483024
25286,121937
25287,483458
25288,110194
25289,487524
25290,477310
25291,487277
25292,487526
25293,478763
25294,483349
25295,483139
25296,116041
25297,446217
25298,483129
25299,440859
25300,115859
25301,477148
25302,445806
25303,476988
25304,109971
25305,436628
25306,121873
25307,483131
25308,441096
25309,483363
25310,121799
25311,477325
25312,477145
25313,477280
25314,474776
25315,115983
25316,478850
25317,446136
25318,122052
25319,446357
25320,440974
25321,445985
25322,479206
25323,441754
25324,477191
25325,487358
25326,487495
25327,115984
25328,436924
25329,477283
25330,110073
25331,477136
25332,115870
25333,437149
25334,483222
25335,477297
25336,436917
25337,110103
25338,483388
25339,477205
25340,122007
25341,121819
25342,436863
25343,121949
25344,441198
25345,445754
25346,116037
25347,445979
25348,109922
25349,436815
25350,477224
25351,487523
25352,487644
25353,483226
25354,115985
25355,441760
25356,441763
25357,487393
25358,484877
25359,441185
25360,445947
25361,487556
25362,483018
25363,115988
25364,440864
25365,484900
25366,441478
25367,437063
25368,487334
25369,441673
25370,441565
25371,116081
25372,436584
25373,483281
25374,446106
25375,115947
25376,436562
25377,441797
25378,487623
25379,484845
25380,436792
25381,441553
25382,441347
25383,441242
25384,436907
25385,484788
25386,477063
25387,121919
25388,446326
25389,485012
25390,477069
25391,441664
25392,436949
25393,110074
25394,441191
25395,477286
25396,474716
25397,487346
25398,487462
25399,483386
25400,479091
25401,445830
25402,441544
25403,483016
25404,116179
25405,436615
25406,440916
25407,446266
25408,115981
25409,436953
25410,116066
25411,441770
25412,479090
25413,441227
25414,446294
25415,483013
25416,487660
25417,483122
25418,436638
25419,474816
25420,110205
25421,436589
25422,487269
25423,479304
25424,441779
25425,474839
25426,487638
25427,440997
25428,446301
25429,483239
25430,474880
25431,446241
25432,483473
25433,441776
25434,121988
25435,441349
25436,477173
25437,484950
25438,116005
25439,116157
25440,109977
25441,445842
25442,437184
25443,487351
25444,479003
25445,441288
25446,483215
25447,441251
25448,115894
25449,477146
25450,436720
25451,436590
25452,436698
25453,110037
25454,483236
25455,487502
25456,115895
25457,115832
25458,437084
25459,445823
25460,487265
25461,484837
25462,479262
25463,109996
25464,441675
25465,477347
25466,445824
25467,110125
25468,478908
25469,487609
25470,109918
25471,487577
25472,121885
25473,121938
25474,440891
25475,474746
25476,483068
25477,483315
25478,487705
25479,483421
25480,121916
25481,441514
25482,121865
25483,436937
25484,478758
25485,116090
25486,115887
25487,441533
25488,116160
25489,437014
25490,115948
25491,110084
25492,474878
25493,484981
25494,116100
25495,116024
25496,487713
25497,474901
25498,484958
25499,445807
25500,122016
25501,436653
25502,479209
25503,441653
25504,116077
25505,484764
25506,109928
25507,441729
25508,445902
25509,483462
25510,437133
25511,121934
25512,116158
25513,483272
25514,483216
25515,484959
25516,116193
25517,115972
25518,483075
25519,446151
25520,487565
25521,445994
25522,477079
25523,477151
25524,487484
25525,115842
25526,115979
25527,109985
25528,446032
25529,482991
25530,115881
25531,446026
25532,479130
25533,441229
25534,437017
25535,446111
25536,436905
25537,110051
25538,441336
25539,446015
25540,474825
25541,446345
25542,441253
25543,484968
25544,483515
25545,445859
25546,474908
25547,445891
25548,483119
25549,487620
25550,445904
25551,484762
25552,477259
25553,476985
25554,441546
25555,436680
25556,116065
25557,479164
25558,478760
25559,436571
25560,483445
25561,437173
25562,484910
25563,441625
25564,436913
25565,121736
25566,483499
25567,441010
25568,483374
25569,110058
25570,478848
25571,441235
25572,474909
25573,445913
25574,115903
25575,436613
25576,441183
25577,110034
25578,436904
25579,487279
25580,121773
25581,440968
25582,445917
25583,116165
25584,109917
25585,446031
25586,487680
25587,109978
25588,477357
25589,446127
25590,121789
25591,445750
25592,121930
25593,441230
25594,441295
25595,446194
25596,115953
25597,445991
25598,109951
25599,441483
25600,121929
25601,477004
25602,121812
25603,440820
25604,446221
25605,446007
25606,477100
25607,441773
25608,440959
25609,121735
25610,477043
25611,440899
25612,483162
25613,478925
25614,121920
25615,115825
25616,121739
25617,446292
25618,440867
25619,436639
25620,110172
25621,477188
25622,477200
25623,446343
25624,474902
25625,477361
25626,479311
25627,487409
25628,487586
25629,436935
25630,487368
25631,110070
25632,436790
25633,446260
25634,441321
25635,479177
25636,436726
25637,484848
25638,110202
25639,440929
25640,437150
25641,477241
25642,440868
25643,479238
25644,483148
25645,483296
25646,484960
25647,474808
25648,441334
25649,109999
25650,483444
25651,436890
25652,474737
25653,116200
25654,441665
25655,122043
25656,477171
25657,437137
25658,477139
25659,116190
25660,483285
25661,110182
25662,441006
25663,437097
25664,441674
25665,109926
25666,487385
25667,477218
25668,440874
25669,437043
25670,441558
25671,440845
25672,484834
25673,487274
25674,479275
25675,115803
25676,446146
25677,440870
25678,445826
25679,446286
25680,441189
25681,477291
25682,440988
25683,445943
25684,484976
25685,446329
25686,484804
25687,437233
25688,441346
25689,436617
25690,441680
25691,483295
25692,446276
25693,441119
25694,484884
25695,441466
25696,483304
25697,109983
25698,482995
25699,446022
25700,477330
25701,116003
25702,121933
25703,484819
25704,478782
25705,437183
25706,436711
25707,445810
25708,485000
25709,441256
25710,436896
25711,478842
25712,446167
25713,485014
25714,110161
25715,441720
25716,109993
25717,477304
25718,477054
25719,441579
25720,483321
25721,487439
25722,116096
25723,446078
25724,446268
25725,446358
25726,445774
25727,477370
25728,115882
25729,436934
25730,441408
25731,477047
25732,436567
25733,487610
25734,445968
25735,115924
25736,479298
25737,437024
25738,121771
25739,446285
25740,115852
25741,479036
25742,483197
25743,437170
25744,446161
25745,436952
25746,446328
25747,483186
25748,487340
25749,483376
25750,441556
25751,483522
25752,483230
25753,479047
25754,484934
25755,445848
25756,441364
25757,484856
25758,446341
25759,437090
25760,487657
25761,478914
25762,441314
25763,115836
25764,483275
25765,446319
25766,484894
25767,445851
25768,110088
25769,483441
25770,477046
25771,445892
25772,484874
25773,445928
25774,487488
25775,477353
25776,441091
25777,484933
25778,437064
25779,436834
25780,487431
25781,474798
25782,487545
25783,436981
25784,445781
25785,121955
25786,441035
25787,436786
25788,477057
25789,121881
25790,483039
25791,437036
25792,487317
25793,478803
25794,437152
25795,483203
25796,441772
25797,445768
25798,437241
25799,477350
25800,487511
25801,446192
25802,437239
25803,110115
25804,441662
25805,441612
25806,446259
25807,484916
25808,437198
25809,436835
25810,445779
25811,479259
25812,437280
25813,441458
25814,441368
25815,478901
25816,478963
25817,487567
25818,484970
25819,479184
25820,479261
25821,487271
25822,441199
25823,445881
25824,441512
25825,483000
25826,441029
25827,436625
25828,436958
25829,477109
25830,446105
25831,487313
25832,446021
25833,441356
25834,474898
25835,437189
25836,437139
25837,441388
25838,487529
25839,487592
25840,441078
25841,441327
25842,115843
25843,440941
25844,479021
25845,441705
25846,479010
25847,477337
25848,110075
25849,437225
25850,477244
25851,477149
25852,479080
25853,115853
25854,478985
25855,474745
25856,484966
25857,440907
25858,440947
25859,440909
25860,121817
25861,441157
25862,440906
25863,479156
25864,441719
25865,477075
25866,479074
25867,441261
25868,436909
25869,477230
25870,487454
25871,484799
25872,436764
25873,445789
25874,483300
25875,477073
25876,477197
25877,436721
25878,478971
25879,109970
25880,121982
25881,121908
25882,445797
25883,441774
25884,110117
25885,436727
25886,436620
25887,436938
25888,477215
25889,487472
25890,437191
25891,445852
25892,110152
25893,437128
25894,446125
25895,477255
25896,487361
25897,440983
25898,474730
25899,474717
25900,479106
25901,474863
25902,436732
25903,474875
25904,474796
25905,121991
25906,474844
25907,445934
25908,474833
25909,487494
25910,441147
25911,110102
25912,110185
25913,121850
25914,483089
25915,441103
25916,483137
25917,109968
25918,437027
25919,478920
25920,483490
25921,478981
25922,441399
25923,441161
25924,445990
25925,474729
25926,436577
25927,446061
25928,441549
25929,474871
25930,110018
25931,441117
25932,484805
25933,121925
25934,479159
25935,446313
25936,478966
25937,121740
25938,436724
25939,483225
25940,479004
25941,483507
25942,121795
25943,110082
25944,109953
25945,478851
25946,441277
25947,478949
25948,446145
25949,441449
25950,483145
25951,116038
25952,441354
25953,477086
25954,115923
25955,478947
25956,483348
25957,121918
25958,441658
25959,116183
25960,477081
25961,479158
25962,477099
25963,483325
25964,441072
25965,483456
25966,116126
25967,479266
25968,437244
25969,441177
25970,484888
25971,484825
25972,441619
25973,445944
25974,441520
25975,445871
25976,483488
25977,483306
25978,477243
25979,437227
25980,483412
25981,436662
25982,121767
25983,446225
25984,474921
25985,484780
25986,110151
25987,487500
25988,441561
25989,441114
25990,445736
25991,440848
25992,477196
25993,484965
25994,436550
25995,479245
25996,440951
25997,446172
25998,487378
25999,484827
26000,484975
26001,487302
26002,487470
26003,436823
26004,477013
26005,484767
26006,478974
26007,440886
26008,477014
26009,484838
26010,441587
26011,484913
26012,109958
26013,477341
26014,436956
26015,436603
26016,484962
26017,477025
26018,487603
26019,483241
26020,483055
26021,446176
26022,441759
26023,487288
26024,437060
26025,437153
26026,487455
26027,441436
26028,437040
26029,116063
26030,110003
26031,437273
26032,110108
26033,445920
26034,121935
26035,479151
26036,437106
26037,474815
26038,484935
26039,477240
26040,110090
26041,437232
26042,122035
26043,441166
26044,484816
26045,484994
26046,477106
26047,487444
26048,445909
26049,483196
26050,440873
26051,121772
26052,116174
26053,441248
26054,116023
26055,484777
26056,477363
26057,483211
26058,437000
26059,121790
26060,474748
26061,441744
26062,440976
26063,487394
26064,446141
26065,479063
26066,121889
26067,446084
26068,478788
26069,109994
26070,487509
26071,436775
26072,484875
26073,110056
26074,487508
26075,478941
26076,441550
26077,446157
26078,483261
26079,483231
26080,445831
26081,436886
26082,445901
26083,479223
26084,474767
26085,441263
26086,478756
26087,115967
26088,437166
26089,121989
26090,487665
26091,445882
26092,441501
26093,163112
26094,178254
26095,177978
26096,4861
26097,19961
26098,20430
26099,4801
26100,147031
26101,162466
26102,21171
26103,146492
26104,177712
26105,176634
26106,177596
26107,20669
26108,33867
26109,5159
26110,20784
26111,146222
26112,161733
26113,20641
26114,20570
26115,146043
26116,162686
26117,4570
26118,177563
26119,4167
26120,21503
26121,4198
26122,5642
26123,146169
26124,162419
26125,162447
26126,177617
26127,33980
26128,178322
26129,148015
26130,147243
26131,176445
26132,147956
26133,177349
26134,32760
26135,146463
26136,146382
26137,161424
26138,177195
26139,162432
26140,176800
26141,19596
26142,177557
26143,177632
26144,146117
26145,4062
26146,4730
26147,3700
26148,33607
26149,21197
26150,177475
26151,20273
26152,20595
26153,5688
26154,148033
26155,147381
26156,147623
26157,162271
26158,162096
26159,161697
26160,20282
26161,33874
26162,146870
26163,162766
26164,5020
26165,4888
26166,147164
26167,177114
26168,161891
26169,146313
26170,32706
26171,4138
26172,177264
26173,177353
26174,162297
26175,19981
26176,161680
26177,20506
26178,162561
26179,146390
26180,32333
26181,5390
26182,161285
26183,5278
26184,146201
26185,19571
26186,177103
26187,162024
26188,162515
26189,146717
26190,3488
26191,32539
26192,147275
26193,33368
26194,162330
26195,176690
26196,33918
26197,161256
26198,177310
26199,33455
26200,178021
26201,4893
26202,19838
26203,147224
26204,21119
26205,4264
26206,162325
26207,148066
26208,20584
26209,147788
26210,146756
26211,32687
26212,176307
26213,177015
26214,5054
26215,177121
26216,161795
26217,5465
26218,3792
26219,162442
26220,21053
26221,162930
26222,146509
26223,148117
26224,176663
26225,3796
26226,162789
26227,161541
26228,147068
26229,177030
26230,5428
26231,19797
26232,162518
26233,5361
26234,161975
26235,32808
26236,33848
26237,4451
26238,4933
26239,177710
26240,161450
26241,162626
26242,146326
26243,161571
26244,21525
26245,162409
26246,162642
26247,161846
26248,162119
26249,33863
26250,163232
26251,3799
26252,32939
26253,5476
26254,4949
26255,5393
26256,161921
26257,3852
26258,177832
26259,20585
26260,32386
26261,4632
26262,4750
26263,33991
26264,21143
26265,20945
26266,148154
26267,177465
26268,4274
26269,33812
26270,33031
26271,147905
26272,161426
26273,19755
26274,20603
26275,162954
26276,147155
26277,146601
26278,146109
26279,146800
26280,162485
26281,33952
26282,146718
26283,177543
26284,178103
26285,146918
26286,19622
26287,5351
26288,21486
26289,146840
26290,4867
26291,177928
26292,19582
26293,163066
26294,162339
26295,147288
26296,176567
26297,176395
26298,178129
26299,19795
26300,161829
26301,161519
26302,177141
26303,32585
26304,162806
26305,4498
26306,4277
26307,5060
26308,178358
26309,4938
26310,20908
26311,20170
26312,162773
26313,161595
26314,20919
26315,176281
26316,147508
26317,33988
26318,147602
26319,20937
26320,147448
26321,3681
26322,163164
26323,162952
26324,5501
26325,19800
26326,146217
26327,176859
26328,19764
26329,162785
26330,147348
26331,177856
26332,20240
26333,33503
26334,19677
26335,21210
26336,178239
26337,32271
26338,3740
26339,20800
26340,176754
26341,178139
26342,4757
26343,176971
26344,33283
26345,147684
26346,146776
26347,161617
26348,146516
26349,5205
26350,3532
26351,33333
26352,162127
26353,3705
26354,177685
26355,146293
26356,19616
26357,147645
26358,146202
26359,32641
26360,148111
26361,178143
26362,20529
26363,3882
26364,19802
26365,146913
26366,5525
26367,162848
26368,19609
26369,4983
26370,33888
26371,4530
26372,162816
26373,147323
26374,161234
26375,177925
26376,20299
26377,162932
26378,4504
26379,4170
26380,20319
26381,176867
26382,20676
26383,4656
26384,33843
26385,5201
26386,177457
26387,20837
26388,21367
26389,177396
26390,5587
26391,147189
26392,176332
26393,176434
26394,32399
26395,177975
26396,162015
26397,146893
26398,147219
26399,147011
26400,163029
26401,176860
26402,146194
26403,178141
26404,178283
26405,33921
26406,162872
26407,161905
26408,177628
26409,4523
26410,5627
26411,5165
26412,20478
26413,146589
26414,176888
26415,176417
26416,20933
26417,147051
26418,4806
26419,3987
26420,4163
26421,147438
26422,33303
26423,162246
26424,146842
26425,3902
26426,147469
26427,32998
26428,33243
26429,5004
26430,20467
26431,4135
26432,147408
26433,33791
26434,176594
26435,3468
26436,33271
26437,161955
26438,147435
26439,33206
26440,3606
26441,148144
26442,163249
26443,161745
26444,32382
26445,162541
26446,178132
26447,3733
26448,32371
26449,148073
26450,33674
26451,5392
26452,177406
26453,3652
26454,33396
26455,178154
26456,3965
26457,147965
26458,176217
26459,33227
26460,3994
26461,3455
26462,177455
26463,161907
26464,147760
26465,32553
26466,32248
26467,178300
26468,20791
26469,162836
26470,163001
26471,33403
26472,177081
26473,21255
26474,162465
26475,5319
26476,178307
26477,163272
26478,33668
26479,33869
26480,147335
26481,4565
26482,21547
26483,4910
26484,20891
26485,20934
26486,3669
26487,163253
26488,178362
26489,4452
26490,177178
26491,32300
26492,162896
26493,162807
26494,176804
26495,5239
26496,20363
26497,146429
26498,20566
26499,3533
26500,162258
26501,19872
26502,33478
26503,161971
26504,177135
26505,33247
26506,177737
26507,162388
26508,20110
26509,21528
26510,146696
26511,178188
26512,4796
26513,20402
26514,32469
26515,33926
26516,32481
26517,178370
26518,3973
26519,4668
26520,177226
26521,176725
26522,146218
26523,176772
26524,33112
26525,162116
26526,5169
26527,176509
26528,176263
26529,177624
26530,147203
26531,163043
26532,4665
26533,162611
26534,20880
26535,147699
26536,147819
26537,147720
26538,32820
26539,33442
26540,20952
26541,5698
26542,162653
26543,146224
26544,33430
26545,177333
26546,147835
26547,178091
26548,147145
26549,20858
26550,147480
26551,162312
26552,4303
26553,178123
26554,176177
26555,176619
26556,162535
26557,21162
26558,147677
26559,147317
26560,178027
26561,176995
26562,20302
26563,177658
26564,177734
26565,146796
26566,20198
26567,163034
26568,21279
26569,148189
26570,5349
26571,3986
26572,4510
26573,162618
26574,161646
26575,3544
26576,146839
26577,19915
26578,161857
26579,3751
26580,146849
26581,21458
26582,147512
26583,5261
26584,146187
26585,20906
26586,3933
26587,32534
26588,3516
26589,32763
26590,177790
26591,146324
26592,19820
26593,177670
26594,5234
26595,147694
26596,4684
26597,33901
26598,32571
26599,177809
26600,147908
26601,147517
26602,33611
26603,177967
26604,19963
26605,33771
26606,33237
26607,177302
26608,32920
26609,163206
26610,177651
26611,147840
26612,5487
26613,147133
26614,4383
26615,3841
26616,20886
26617,161667
26618,177540
26619,147499
26620,162141
26621,161608
26622,21030
26623,146558
26624,178210
26625,161288
26626,147598
26627,146919
26628,146337
26629,162931
26630,146714
26631,3703
26632,147712
26633,178196
26634,32773
26635,176199
26636,176372
26637,177711
26638,21000
26639,162897
26640,147985
26641,177863
26642,148124
26643,4105
26644,177526
26645,20510
26646,20166
26647,20410
26648,5327
26649,177608
26650,163155
26651,33817
26652,20848
26653,176391
26654,162309
26655,4327
26656,147217
26657,162755
26658,176862
26659,161535
26660,20840
26661,5108
26662,178066
26663,21293
26664,177656
26665,146178
26666,33172
26667,21523
26668,146694
26669,163211
26670,178352
26671,147150
26672,146921
26673,176204
26674,162770
26675,176868
26676,21321
26677,161791
26678,146143
26679,146810
26680,20879
26681,33589
26682,32749
26683,147117
26684,3967
26685,161888
26686,147105
26687,146115
26688,147384
26689,176506
26690,176654
26691,21333
26692,33749
26693,4587
26694,4490
26695,33623
26696,176926
26697,3461
26698,21518
26699,21450
26700,178001
26701,161828
26702,176824
26703,178258
26704,148095
26705,162422
26706,146403
26707,177105
26708,32905
26709,163026
26710,161687
26711,161618
26712,5626
26713,5394
26714,162255
26715,21196
26716,162211
26717,3660
26718,177070
26719,146276
26720,33394
26721,21426
26722,4411
26723,163159
26724,32343
26725,32474
26726,176499
26727,177431
26728,20686
26729,177312
26730,162090
26731,4304
26732,32747
26733,176184
26734,5344
26735,4827
26736,32805
26737,146106
26738,161825
26739,5207
26740,5047
26741,20802
26742,33300
26743,20459
26744,4149
26745,147687
26746,161734
26747,147953
26748,161531
26749,5238
26750,176689
26751,19997
26752,162022
26753,20867
26754,32598
26755,32623
26756,162497
26757,33754
26758,147225
26759,177696
26760,176355
26761,21008
26762,3753
26763,33337
26764,32340
26765,5280
26766,177408
26767,32949
26768,176828
26769,32315
26770,162700
26771,161972
26772,20252
26773,162849
26774,147392
26775,148136
26776,146880
26777,163063
26778,20174
26779,3798
26780,177037
26781,161729
26782,20522
26783,33046
26784,5650
26785,21465
26786,178371
26787,21473
26788,147891
26789,19781
26790,32570
26791,163139
26792,163086
26793,162606
26794,4179
26795,20497
26796,5498
26797,161391
26798,33446
26799,177520
26800,4171
26801,21416
26802,5600
26803,20164
26804,147529
26805,4687
26806,162135
26807,178265
26808,176672
26809,20105
26810,20994
26811,162733
26812,4534
26813,176822
26814,162576
26815,3540
26816,21397
26817,3675
26818,177341
26819,21474
26820,176666
26821,20056
26822,3963
26823,176546
26824,162134
26825,4725
26826,162648
26827,20774
26828,21494
26829,161660
26830,4313
26831,33443
26832,147407
26833,5236
26834,20626
26835,178346
26836,33080
26837,147829
26838,161777
26839,5456
26840,147747
26841,162906
26842,32707
26843,161884
26844,33386
26845,32435
26846,21161
26847,21327
26848,3908
26849,177314
26850,21257
26851,33521
26852,19839
26853,146110
26854,178338
26855,20356
26856,32196
26857,147230
26858,5183
26859,178083
26860,162171
26861,19869
26862,4010
26863,33094
26864,5273
26865,162677
26866,148180
26867,5645
26868,176423
26869,20106
26870,146668
26871,162349
26872,147255
26873,32323
26874,161760
26875,147308
26876,20811
26877,146707
26878,148105
26879,4273
26880,21137
26881,4573
26882,146938
26883,176571
26884,147320
26885,161556
26886,177572
26887,161924
26888,146467
26889,5092
26890,161868
26891,4028
26892,178115
26893,148000
26894,32838
26895,4620
26896,5147
26897,147406
26898,177689
26899,3801
26900,146052
26901,4765
26902,5320
26903,146366
26904,33695
26905,33170
26906,4896
26907,176183
26908,4356
26909,162300
26910,162044
26911,176245
26912,3635
26913,161823
26914,20246
26915,162209
26916,33751
26917,19897
26918,161899
26919,21470
26920,176709
26921,148006
26922,176176
26923,20068
26924,3673
26925,19679
26926,4081
26927,146879
26928,32887
26929,4412
26930,4074
26931,176218
26932,146281
26933,146454
26934,4572
26935,177397
26936,4333
26937,176388
26938,3928
26939,5202
26940,5081
26941,146228
26942,146993
26943,163098
26944,33540
26945,21555
26946,161340
26947,162306
26948,162214
26949,178236
26950,3517
26951,5620
26952,32885
26953,177034
26954,146515
26955,147069
26956,176576
26957,147239
26958,3735
26959,176287
26960,176729
26961,5432
26962,148141
26963,146442
26964,177847
26965,33475
26966,147218
26967,146874
26968,176226
26969,20444
26970,162708
26971,20991
26972,3752
26973,20101
26974,146607
26975,146098
26976,146138
26977,161435
26978,177789
26979,21067
26980,162236
26981,146823
26982,176930
26983,161842
26984,176925
26985,146350
26986,4403
26987,162305
26988,32544
26989,147032
26990,146440
26991,146950
26992,20961
26993,33730
26994,146539
26995,32210
26996,5157
26997,176562
26998,19713
26999,21365
27000,162631
27001,4760
27002,33288
27003,21497
27004,177014
27005,177311
27006,177939
27007,21423
27008,147467
27009,148021
27010,147913
27011,3580
27012,146360
27013,162074
27014,32806
27015,176233
27016,163041
27017,20930
27018,32607
27019,176258
27020,177600
27021,32935
27022,176899
27023,5246
27024,147174
27025,176586
27026,162104
27027,4218
27028,3977
27029,32672
27030,161396
27031,147248
27032,176703
27033,161867
27034,176998
27035,147960
27036,147532
27037,147680
27038,176328
27039,32428
27040,19857
27041,147974
27042,146497
27043,147584
27044,177002
27045,32847
27046,163104
27047,19775
27048,162018
27049,5455
27050,4220
27051,146729
27052,162715
27053,147921
27054,177016
27055,5505
27056,163255
27057,162990
27058,20546
27059,162680
27060,161702
27061,146809
27062,161746
27063,5279
27064,176334
27065,3836
27066,33615
27067,161614
27068,161249
27069,147669
27070,146674
27071,162694
27072,177293
27073,146177
27074,4832
27075,178356
27076,4433
27077,33905
27078,176393
27079,176906
27080,147980
27081,162740
27082,20116
27083,32684
27084,33328
27085,147008
27086,146712
27087,178197
27088,4875
27089,177435
27090,176758
27091,4540
27092,33431
27093,5556
27094,161707
27095,162716
27096,177456
27097,19792
27098,162129
27099,146751
27100,21024
27101,176352
27102,176142
27103,33612
27104,32647
27105,21028
27106,146099
27107,21500
27108,4971
27109,162440
27110,32289
27111,21463
27112,162632
27113,4244
27114,162818
27115,161587
27116,33685
27117,161486
27118,177316
27119,147383
27120,177993
27121,163095
27122,162739
27123,178025
27124,33747
27125,20729
27126,147944
27127,33205
27128,146420
27129,147555
27130,32861
27131,176439
27132,161508
27133,20453
27134,32775
27135,20757
27136,19967
27137,161599
27138,20484
27139,32904
27140,161610
27141,21531
27142,20841
27143,20203
27144,147718
27145,33449
27146,161879
27147,4000
27148,146367
27149,33199
27150,162445
27151,4371
27152,147314
27153,162342
27154,178286
27155,20083
27156,33844
27157,161528
27158,146814
27159,146590
27160,20018
27161,4416
27162,147305
27163,21122
27164,32412
27165,163141
27166,21434
27167,147705
27168,146798
27169,146785
27170,20629
27171,5135
27172,176665
27173,146793
27174,4454
27175,21437
27176,177018
27177,4552
27178,3497
27179,176230
27180,176989
27181,4212
27182,5287
27183,4195
27184,4685
27185,178313
27186,4013
27187,147277
27188,20748
27189,146300
27190,146737
27191,32804
27192,147466
27193,5119
27194,177038
27195,146246
27196,161824
27197,4051
27198,146932
27199,20617
27200,20663
27201,33738
27202,161816
27203,32457
27204,146303
27205,177072
27206,176141
27207,177031
27208,162935
27209,176267
27210,4413
27211,19611
27212,4655
27213,147188
27214,146910
27215,3584
27216,146262
27217,147465
27218,147113
27219,176195
27220,162882
27221,177279
27222,161405
27223,21306
27224,146397
27225,33186
27226,148030
27227,162853
27228,162226
27229,147592
27230,33648
27231,4659
27232,162869
27233,147061
27234,147540
27235,32599
27236,33231
27237,177364
27238,161235
27239,161766
27240,148166
27241,20612
27242,33945
27243,20614
27244,177905
27245,176760
27246,20015
27247,163267
27248,147534
27249,162819
27250,32595
27251,33330
27252,5636
27253,5492
27254,177138
27255,162706
27256,177278
27257,162960
27258,146379
27259,148061
27260,32677
27261,19666
27262,4421
27263,178138
27264,177411
27265,177036
27266,163181
27267,4838
27268,146898
27269,148171
27270,176553
27271,162682
27272,33763
27273,177638
27274,176559
27275,161642
27276,20592
27277,33833
27278,4209
27279,4374
27280,162181
27281,4323
27282,146447
27283,4085
27284,178130
27285,177142
27286,177097
27287,178067
27288,21435
27289,21517
27290,3794
27291,3537
27292,177378
27293,4248
27294,4251
27295,33025
27296,163024
27297,162411
27298,20432
27299,162583
27300,177282
27301,4294
27302,21132
27303,21455
27304,177825
27305,21476
27306,146985
27307,3732
27308,162063
27309,33469
27310,4487
27311,177992
27312,163280
27313,5194
27314,3547
27315,162241
27316,161389
27317,178034
27318,161821
27319,161668
27320,20778
27321,20491
27322,161751
27323,3889
27324,163108
27325,4695
27326,21449
27327,177922
27328,19732
27329,3526
27330,161778
27331,32523
27332,147857
27333,5240
27334,4118
27335,162876
27336,177117
27337,146103
27338,147103
27339,161738
27340,3715
27341,20146
27342,148173
27343,147901
27344,146738
27345,178000
27346,146210
27347,20296
27348,161271
27349,4798
27350,33415
27351,32765
27352,162726
27353,148010
27354,32309
27355,32849
27356,177011
27357,146354
27358,5298
27359,161395
27360,177166
27361,21418
27362,177359
27363,20816
27364,20423
27365,147916
27366,147504
27367,20795
27368,148093
27369,176299
27370,4981
27371,4260
27372,162087
27373,162242
27374,177538
27375,146478
27376,20191
27377,147094
27378,33372
27379,161324
27380,20194
27381,20059
27382,147436
27383,5296
27384,32612
27385,161928
27386,19873
27387,161966
27388,162159
27389,176604
27390,4250
27391,161300
27392,21018
27393,3795
27394,146353
27395,161818
27396,162192
27397,20111
27398,33845
27399,178326
27400,178102
27401,161456
27402,178303
27403,161853
27404,33904
27405,4488
27406,146197
27407,177401
27408,4539
27409,176664
27410,148035
27411,176730
27412,3553
27413,177749
27414,178224
27415,3806
27416,146547
27417,176982
27418,4900
27419,177643
27420,20547
27421,20845
27422,176163
27423,147527
27424,161976
27425,4139
27426,19951
27427,4619
27428,20134
27429,146380
27430,146508
27431,177136
27432,161964
27433,161949
27434,146612
27435,146518
27436,161960
27437,177904
27438,20631
27439,4281
27440,146909
27441,161485
27442,4737
27443,161282
27444,33513
27445,176692
27446,21201
27447,19777
27448,32375
27449,32192
27450,162210
27451,148110
27452,146531
27453,3869
27454,20600
27455,20926
27456,162965
27457,19791
27458,161675
27459,33864
27460,32930
27461,178194
27462,146596
27463,19916
27464,33937
27465,5244
27466,147511
27467,163199
27468,161525
27469,146077
27470,19868
27471,20437
27472,146745
27473,147958
27474,177404
27475,161399
27476,176946
27477,20742
27478,162326
27479,3888
27480,146150
27481,177968
27482,33069
27483,176293
27484,33971
27485,176431
27486,146567
27487,163030
27488,176224
27489,178232
27490,3970
27491,32540
27492,162786
27493,33737
27494,4943
27495,32212
27496,33339
27497,4905
27498,20567
27499,20593
27500,177338
27501,20039
27502,177568
27503,19919
27504,177290
27505,162017
27506,148055
27507,177023
27508,147316
27509,4019
27510,32579
27511,146192
27512,21007
27513,20512
27514,162441
27515,19801
27516,147037
27517,176235
27518,177629
27519,162276
27520,20001
27521,33421
27522,177129
27523,146583
27524,4663
27525,3767
27526,147671
27527,5406
27528,146614
27529,33448
27530,3960
27531,148179
27532,162598
27533,146159
27534,177883
27535,4151
27536,3868
27537,33012
27538,5116
27539,177332
27540,178292
27541,146519
27542,176799
27543,147934
27544,146706
27545,20743
27546,32538
27547,177328
27548,32691
27549,147045
27550,32254
27551,4956
27552,177446
27553,5178
27554,4358
27555,5566
27556,19799
27557,147843
27558,176376
27559,161287
27560,162269
27561,177277
27562,4767
27563,21199
27564,32339
27565,162945
27566,147686
27567,177372
27568,146639
27569,147441
27570,32686
27571,162401
27572,162291
27573,33136
27574,32500
27575,163129
27576,178222
27577,147208
27578,19686
27579,177192
27580,4401
27581,147531
27582,177306
27583,5409
27584,146298
27585,19754
27586,162189
27587,21251
27588,176450
27589,4187
27590,33175
27591,176405
27592,176861
27593,176470
27594,33819
27595,33007
27596,32494
27597,19976
27598,32740
27599,3880
27600,19867
27601,33518
27602,3921
27603,20150
27604,21245
27605,19931
27606,161833
27607,178336
27608,20590
27609,20574
27610,147631
27611,176831
27612,162399
27613,4457
27614,5353
27615,162703
27616,146605
27617,5680
27618,19904
27619,176257
27620,4954
27621,3985
27622,147589
27623,177951
27624,33178
27625,20005
27626,177602
27627,147157
27628,5032
27629,161544
27630,162120
27631,176688
27632,19945
27633,178116
27634,33334
27635,32503
27636,3932
27637,147357
27638,163236
27639,162725
27640,21271
27641,33893
27642,177872
27643,3909
27644,33225
27645,176934
27646,161785
27647,147632
27648,147750
27649,33625
27650,176318
27651,146408
27652,5371
27653,177555
27654,20147
27655,32283
27656,32373
27657,177997
27658,146089
27659,176349
27660,21454
27661,176635
27662,4682
27663,161359
27664,20688
27665,146285
27666,162261
27667,147707
27668,33835
27669,146770
27670,177167
27671,147433
27672,147665
27673,146907
27674,4044
27675,3684
27676,33351
27677,162864
27678,176880
27679,177024
27680,4994
27681,161377
27682,32830
27683,146370
27684,146049
27685,177882
27686,33134
27687,176306
27688,177466
27689,148074
27690,161800
27691,162111
27692,162678
27693,20409
27694,4216
27695,161985
27696,32907
27697,176446
27698,147236
27699,4110
27700,3608
27701,5036
27702,146821
27703,20413
27704,162743
27705,148109
27706,147215
27707,162429
27708,32676
27709,146673
27710,147765
27711,4774
27712,19796
27713,4544
27714,4449
27715,162994
27716,3786
27717,177567
27718,177269
27719,147342
27720,5365
27721,3441
27722,21054
27723,147501
27724,4607
27725,20819
27726,177499
27727,146200
27728,162815
27729,33010
27730,147128
27731,4664
27732,33772
27733,33951
27734,33096
27735,32496
27736,163016
27737,147907
27738,4072
27739,161931
27740,162918
27741,176788
27742,5010
27743,5569
27744,161400
27745,162572
27746,176698
27747,32304
27748,176282
27749,4364
27750,21188
27751,177320
27752,32233
27753,4456
27754,177641
27755,147971
27756,20186
27757,162964
27758,147434
27759,146942
27760,20809
27761,177672
27762,177705
27763,3776
27764,176612
27765,176600
27766,178056
27767,177453
27768,146523
27769,33788
27770,32702
27771,176170
27772,4108
27773,33118
27774,4068
27775,19995
27776,21445
27777,33972
27778,33495
27779,4191
27780,21443
27781,176999
27782,146931
27783,162923
27784,20981
27785,147298
27786,176462
27787,177174
27788,146669
27789,4241
27790,32652
27791,147700
27792,162894
27793,20004
27794,162498
27795,3531
27796,32965
27797,5419
27798,177944
27799,162356
27800,20208
27801,33373
27802,3739
27803,162378
27804,20000
27805,161461
27806,162372
27807,147464
27808,20225
27809,3812
27810,21082
27811,161368
27812,147807
27813,33362
27814,146805
27815,161845
27816,33595
27817,176610
27818,176526
27819,4024
27820,21233
27821,32973
27822,147738
27823,177286
27824,19822
27825,163061
27826,178170
27827,19824
27828,162885
27829,32660
27830,163271
27831,5093
27832,176459
27833,147872
27834,5106
27835,20348
27836,161394
27837,161591
27838,20156
27839,20188
27840,146342
27841,147879
27842,32993
27843,20464
27844,176508
27845,146832
27846,21148
27847,148053
27848,20827
27849,162346
27850,146868
27851,3759
27852,20968
27853,19996
27854,3820
27855,161749
27856,162406
27857,162021
27858,163197
27859,177546
27860,4844
27861,162661
27862,161296
27863,147210
27864,177926
27865,4415
27866,21146
27867,5646
27868,19788
27869,161844
27870,19605
27871,20424
27872,4846
27873,177777
27874,177695
27875,178331
27876,161788
27877,33702
27878,33543
27879,147509
27880,5464
27881,178182
27882,20360
27883,146895
27884,162699
27885,146446
27886,177961
27887,162977
27888,3892
27889,178134
27890,146292
27891,32504
27892,161619
27893,4344
27894,5192
27895,4345
27896,161259
27897,20066
27898,163286
27899,176762
27900,177505
27901,147452
27902,176295
27903,3587
27904,176826
27905,177307
27906,177319
27907,33939
27908,146655
27909,5218
27910,19704
27911,146073
27912,161664
27913,19670
27914,21225
27915,147447
27916,5134
27917,33520
27918,178369
27919,147736
27920,177130
27921,3534
27922,32913
27923,32258
27924,32932
27925,161586
27926,21483
27927,20017
27928,21120
27929,4839
27930,177637
27931,178024
27932,147732
27933,176389
27934,176885
27935,5013
27936,20378
27937,5684
27938,162628
27939,147882
27940,3583
27941,161848
27942,147914
27943,32573
27944,3589
27945,4880
27946,32593
27947,162780
27948,5088
27949,19681
27950,5019
27951,147197
27952,32440
27953,20897
27954,20475
27955,20583
27956,146101
27957,177947
27958,162577
27959,176283
27960,177845
27961,147814
27962,4162
27963,147185
27964,177403
27965,177407
27966,32632
27967,32525
27968,33095
27969,5025
27970,20890
27971,162727
27972,20175
27973,163273
27974,146189
27975,3554
27976,147816
27977,177183
27978,178273
27979,4061
27980,177514
27981,176920
27982,176782
27983,5008
27984,146908
27985,3649
27986,3482
27987,3640
27988,148031
27989,162987
27990,163165
27991,32403
27992,5328
27993,163038
27994,161272
27995,161663
27996,163201
27997,147235
27998,146672
27999,147080
28000,5293
28001,20728
28002,162728
28003,20248
28004,4596
28005,21214
28006,147639
28007,177025
28008,5151
28009,20383
28010,146846
28011,161743
28012,4630
28013,177481
28014,32764
28015,4429
28016,147338
28017,5343
28018,177962
28019,21509
28020,177496
28021,4518
28022,3915
28023,33332
28024,176161
28025,177665
28026,163254
28027,176432
28028,147940
28029,19846
28030,163138
28031,20281
28032,146928
28033,4704
28034,21069
28035,176771
28036,19896
28037,4328
28038,177998
28039,4402
28040,146715
28041,147395
28042,20442
28043,3709
28044,5539
28045,21102
28046,161539
28047,176242
28048,177032
28049,178214
28050,147881
28051,147768
28052,176535
28053,162594
28054,3793
28055,5635
28056,33211
28057,147691
28058,4242
28059,4995
28060,163146
28061,21538
28062,162684
28063,32241
28064,20234
28065,148070
28066,33246
28067,147698
28068,20454
28069,4797
28070,176565
28071,32314
28072,178050
28073,161735
28074,176329
28075,162787
28076,4355
28077,3756
28078,5576
28079,146659
28080,178320
28081,162451
28082,163136
28083,5386
28084,4389
28085,19599
28086,162444
28087,32729
28088,177053
28089,146235
28090,176807
28091,161913
28092,5618
28093,5404
28094,3810
28095,5577
28096,162851
28097,163188
28098,146636
28099,32369
28100,176682
28101,20900
28102,177509
28103,161293
28104,146666
28105,19645
28106,20541
28107,4478
28108,162073
28109,19888
28110,146363
28111,177594
28112,4628
28113,20153
28114,161797
28115,4477
28116,4473
28117,178088
28118,146988
28119,21405
28120,147124
28121,20664
28122,161261
28123,178089
28124,33591
28125,146829
28126,4761
28127,177970
28128,162012
28129,147725
28130,4221
28131,4813
28132,147418
28133,161871
28134,4775
28135,33424
28136,20337
28137,20973
28138,146716
28139,4073
28140,32792
28141,162319
28142,20659
28143,146830
28144,146407
28145,161822
28146,162180
28147,32970
28148,147884
28149,19887
28150,4855
28151,162245
28152,177441
28153,20466
28154,162454
28155,20269
28156,32951
28157,176530
28158,177369
28159,20637
28160,3484
28161,146339
28162,19598
28163,147586
28164,32712
28165,162455
28166,5368
28167,3763
28168,176679
28169,146936
28170,5170
28171,176210
28172,163111
28173,178043
28174,3645
28175,176986
28176,33734
28177,33250
28178,178261
28179,177815
28180,21142
28181,20287
28182,20047
28183,32616
28184,176240
28185,161656
28186,146914
28187,32733
28188,162759
28189,20684
28190,161364
28191,5128
28192,32880
28193,32487
28194,177507
28195,20138
28196,20461
28197,20438
28198,177000
28199,163012
28200,148097
28201,21515
28202,3802
28203,161914
28204,177384
28205,21198
28206,5614
28207,5484
28208,161691
28209,177069
28210,177452
28211,20509
28212,177971
28213,176247
28214,32492
28215,146971
28216,21460
28217,161652
28218,148037
28219,33765
28220,33179
28221,147043
28222,21556
28223,161883
28224,161910
28225,163166
28226,178306
28227,21422
28228,161369
28229,4375
28230,163194
28231,32397
28232,33275
28233,32214
28234,178355
28235,20922
28236,19810
28237,147543
28238,33935
28239,178291
28240,162369
28241,19975
28242,33382
28243,21252
28244,147056
28245,146173
28246,33229
28247,177350
28248,21203
28249,32858
28250,163229
28251,147942
28252,147482
28253,5407
28254,176833
28255,19654
28256,162570
28257,32421
28258,20989
28259,147596
28260,5673
28261,21092
28262,162253
28263,147327
28264,162190
28265,176497
28266,146510
28267,146247
28268,177454
28269,21481
28270,4543
28271,19858
28272,33594
28273,146100
28274,162949
28275,3825
28276,33830
28277,176878
28278,3457
28279,4999
28280,5580
28281,147186
28282,162402
28283,177222
28284,162004
28285,4871
28286,161719
28287,146744
28288,146817
28289,147109
28290,3719
28291,146990
28292,177470
28293,5696
28294,146570
28295,33872
28296,161643
28297,147919
28298,20938
28299,162131
28300,20865
28301,146571
28302,20915
28303,20828
28304,4082
28305,4595
28306,19604
28307,161654
28308,148191
28309,177096
28310,5453
28311,33598
28312,161468
28313,147558
28314,147154
28315,163153
28316,162060
28317,21113
28318,4836
28319,21019
28320,161462
28321,33311
28322,4546
28323,178166
28324,3727
28325,20312
28326,32640
28327,177618
28328,177974
28329,161492
28330,146608
28331,20370
28332,33577
28333,4860
28334,32701
28335,177237
28336,176851
28337,33643
28338,147486
28339,3520
28340,146574
28341,162967
28342,146863
28343,33015
28344,3549
28345,161827
28346,4970
28347,147763
28348,32657
28349,21211
28350,178177
28351,161373
28352,146835
28353,32811
28354,147364
28355,177409
28356,19938
28357,177144
28358,4391
28359,161589
28360,33624
28361,4026
28362,33811
28363,33101
28364,20627
28365,19835
28366,4427
28367,5259
28368,176931
28369,3972
28370,146180
28371,33428
28372,21451
28373,20737
28374,147544
28375,177827
28376,33155
28377,146782
28378,163068
28379,4635
28380,146875
28381,20687
28382,32604
28383,32262
28384,4809
28385,147404
28386,33527
28387,32586
28388,162201
28389,19913
28390,19935
28391,147250
28392,177652
28393,146068
28394,147373
28395,161489
28396,177152
28397,163128
28398,146725
28399,20251
28400,178245
28401,20323
28402,147125
28403,177213
28404,4307
28405,161425
28406,147567
28407,177806
28408,33704
28409,20455
28410,32903
28411,3655
28412,33076
28413,148149
28414,20043
28415,177604
28416,147110
28417,162687
28418,176745
28419,146806
28420,19635
28421,148094
28422,162430
28423,21294
28424,147324
28425,163074
28426,176397
28427,4703
28428,146960
28429,176588
28430,21344
28431,4766
28432,3886
28433,33253
28434,148160
28435,33377
28436,5272
28437,177798
28438,5637
28439,32879
28440,177137
28441,163039
28442,163060
28443,33897
28444,147232
28445,146213
28446,146082
28447,162615
28448,20792
28449,161448
28450,162602
28451,20082
28452,5708
28453,161893
28454,177738
28455,21273
28456,147692
28457,33122
28458,5586
28459,161500
28460,21381
28461,147782
28462,161557
28463,19769
28464,21012
28465,176452
28466,33441
28467,176708
28468,162426
28469,4164
28470,162925
28471,4172
28472,146050
28473,176871
28474,161382
28475,146624
28476,162617
28477,177764
28478,20058
28479,33269
28480,4106
28481,33534
28482,33907
28483,32191
28484,4321
28485,21385
28486,161713
28487,5306
28488,4950
28489,178036
28490,178302
28491,176908
28492,33268
28493,34011
28494,147594
28495,178337
28496,33570
28497,176781
28498,33361
28499,146148
28500,176153
28501,33125
28502,176359
28503,20231
28504,33461
28505,5449
28506,20142
28507,176465
28508,176201
28509,176373
28510,147484
28511,146513
28512,20712
28513,162963
28514,21275
28515,146984
28516,146656
28517,32892
28518,3707
28519,161775
28520,21277
28521,5001
28522,163050
28523,177885
28524,20368
28525,33358
28526,162403
28527,32698
28528,161712
28529,162547
28530,4848
28531,20772
28532,176922
28533,162581
28534,177064
28535,147262
28536,33968
28537,3449
28538,4047
28539,19626
28540,147822
28541,32617
28542,20568
28543,4851
28544,19756
28545,5342
28546,33282
28547,146365
28548,3934
28549,20638
28550,162352
28551,161430
28552,20525
28553,3999
28554,20114
28555,32685
28556,20401
28557,33356
28558,146092
28559,3747
28560,176428
28561,5450
28562,20342
28563,177887
28564,176732
28565,33318
28566,33524
28567,33694
28568,21496
28569,177208
28570,147616
28571,4698
28572,176236
28573,4230
28574,161990
28575,147744
28576,177892
28577,146807
28578,146758
28579,19892
28580,163113
28581,4549
28582,4430
28583,176629
28584,32295
28585,33034
28586,21519
28587,176330
28588,176783
28589,161809
28590,177728
28591,178105
28592,177399
28593,177346
28594,177381
28595,163052
28596,19906
28597,4193
28598,20460
28599,20382
28600,146054
28601,147254
28602,33277
28603,20642
28604,20280
28605,32929
28606,177107
28607,19856
28608,162646
28609,162571
28610,177186
28611,33558
28612,5023
28613,177698
28614,177229
28615,5161
28616,163015
28617,5252
28618,33708
28619,163218
28620,161522
28621,146263
28622,21258
28623,163264
28624,5112
28625,33450
28626,147791
28627,177591
28628,163268
28629,178094
28630,177768
28631,162814
28632,162240
28633,146676
28634,32530
28635,162212
28636,19757
28637,20648
28638,146899
28639,33725
28640,177630
28641,20668
28642,4726
28643,176733
28644,176358
28645,178167
28646,33383
28647,163090
28648,4870
28649,177724
28650,3581
28651,147902
28652,147790
28653,146413
28654,162604
28655,33359
28656,161771
28657,146361
28658,5518
28659,5084
28660,32312
28661,5062
28662,32568
28663,147547
28664,33082
28665,5421
28666,3816
28667,3579
28668,20967
28669,177756
28670,176737
28671,147372
28672,177075
28673,4169
28674,177021
28675,19780
28676,176344
28677,177148
28678,146139
28679,32875
28680,162651
28681,162641
28682,161714
28683,33642
28684,33439
28685,20046
28686,163239
28687,4787
28688,162495
28689,33051
28690,146485
28691,146983
28692,21002
28693,21229
28694,147824
28695,20545
28696,177582
28697,32461
28698,147821
28699,161371
28700,19614
28701,147207
28702,5208
28703,32223
28704,3564
28705,177467
28706,177065
28707,33146
28708,19972
28709,147525
28710,146831
28711,176196
28712,4143
28713,4329
28714,3599
28715,19980
28716,5657
28717,146560
28718,147983
28719,5608
28720,148058
28721,161728
28722,176187
28723,176179
28724,33936
28725,146480
28726,162929
28727,161632
28728,177230
28729,33504
28730,177429
28731,176182
28732,148137
28733,32281
28734,162578
28735,32482
28736,176955
28737,4733
28738,147681
28739,177334
28740,163032
28741,146795
28742,147199
28743,5015
28744,32436
28745,3548
28746,146048
28747,20429
28748,33895
28749,19735
28750,146521
28751,21097
28752,178047
28753,5122
28754,20303
28755,32732
28756,162510
28757,33053
28758,33903
28759,161516
28760,177708
28761,19749
28762,162798
28763,33005
28764,4533
28765,177479
28766,4190
28767,147541
28768,161252
28769,32548
28770,33127
28771,161703
28772,4667
28773,20080
28774,147375
28775,32967
28776,21407
28777,148119
28778,146826
28779,20125
28780,146245
28781,20403
28782,147850
28783,20019
28784,33091
28785,33375
28786,161952
28787,161761
28788,147291
28789,21390
28790,176767
28791,162957
28792,20380
28793,32270
28794,19825
28795,162861
28796,20711
28797,21350
28798,3668
28799,20112
28800,148023
28801,162946
28802,20327
28803,4317
28804,33084
28805,32438
28806,177442
28807,162285
28808,177891
28809,147778
28810,33604
28811,163070
28812,3442
28813,146451
28814,21263
28815,4514
28816,32251
28817,5373
28818,4934
28819,4469
28820,176656
28821,19724
28822,21441
28823,176579
28824,33018
28825,3555
28826,146168
28827,20154
28828,148034
28829,33711
28830,4023
28831,176570
28832,4111
28833,32955
28834,162669
28835,32532
28836,5341
28837,32203
28838,177263
28839,177084
28840,147437
28841,146613
28842,146587
28843,19831
28844,4270
28845,4246
28846,3743
28847,33548
28848,5288
28849,147883
28850,4923
28851,4418
28852,147388
28853,5174
28854,163014
28855,32334
28856,162395
28857,33097
28858,32908
28859,161685
28860,4086
28861,146137
28862,21400
28863,161991
28864,33071
28865,20366
28866,4710
28867,20197
28868,21026
28869,20974
28870,32567
28871,162563
28872,33137
28873,5469
28874,33995
28875,20210
28876,32721
28877,176773
28878,148102
28879,162055
28880,20735
28881,176818
28882,32204
28883,162295
28884,5668
28885,146783
28886,146618
28887,3945
28888,177393
28889,33138
28890,178339
28891,147964
28892,3750
28893,148113
28894,19879
28895,21187
28896,176744
28897,176339
28898,146343
28899,177757
28900,146728
28901,162010
28902,176342
28903,5042
28904,20076
28905,3472
28906,20976
28907,5617
28908,3644
28909,5176
28910,21442
28911,33306
28912,176883
28913,21083
28914,5410
28915,161562
28916,4756
28917,19966
28918,32940
28919,5138
28920,20943
28921,33813
28922,146299
28923,147924
28924,5346
28925,3536
28926,21016
28927,162603
28928,19940
28929,19721
28930,176965
28931,177109
28932,32800
28933,4883
28934,3462
28935,162469
28936,20169
28937,177578
28938,33054
28939,33755
28940,161897
28941,21341
28942,20115
28943,33037
28944,146660
28945,5664
28946,176812
28947,20313
28948,33048
28949,147119
28950,4288
28951,32413
28952,147387
28953,33659
28954,147935
28955,33581
28956,178111
28957,33784
28958,21185
28959,20643
28960,147928
28961,32264
28962,177007
28963,4306
28964,20016
28965,4011
28966,146369
28967,163035
28968,5701
28969,162354
28970,161465
28971,178162
28972,5243
28973,147990
28974,3789
28975,147946
28976,161814
28977,146969
28978,147121
28979,5595
28980,33822
28981,32839
28982,177485
28983,177146
28984,21011
28985,20352
28986,146954
28987,5547
28988,19959
28989,32472
28990,32425
28991,177145
28992,32439
28993,161699
28994,162110
28995,34008
28996,5087
28997,146664
28998,148032
28999,161605
29000,4175
29001,3600
29002,20377
29003,161275
29004,162224
29005,32345
29006,177078
29007,162275
29008,33376
29009,161650
29010,32972
29011,148088
29012,33224
29013,147331
29014,178014
29015,21539
29016,146626
29017,177819
29018,177063
29019,33535
29020,176904
29021,161688
29022,20373
29023,177073
29024,162794
29025,20746
29026,162901
29027,33366
29028,20330
29029,4940
29030,162076
29031,32731
29032,147925
29033,146522
29034,5115
29035,33608
29036,146436
29037,162879
29038,32842
29039,33321
29040,176291
29041,163121
29042,20723
29043,162793
29044,176580
29045,4982
29046,178344
29047,177898
29048,4889
29049,146538
29050,147755
29051,4448
29052,162995
29053,147828
29054,161932
29055,4145
29056,148049
29057,3971
29058,147855
29059,32649
29060,163089
29061,33785
29062,176766
29063,177057
29064,161464
29065,177561
29066,147963
29067,177915
29068,32344
29069,162704
29070,32486
29071,163134
29072,33741
29073,3609
29074,33544
29075,4042
29076,177759
29077,33847
29078,162942
29079,20895
29080,5089
29081,146437
29082,33129
29083,5302
29084,4140
29085,3674
29086,177464
29087,32560
29088,33116
29089,161245
29090,176319
29091,33413
29092,32787
29093,177355
29094,147929
29095,5127
29096,19952
29097,148048
29098,161820
29099,177595
29100,3941
29101,176557
29102,176390
29103,146799
29104,3939
29105,20703
29106,4290
29107,177231
29108,161353
29109,161466
29110,3874
29111,4847
29112,146219
29113,162512
29114,146374
29115,5232
29116,177565
29117,4675
29118,147628
29119,21051
29120,21415
29121,162584
29122,33806
29123,5649
29124,162370
29125,4341
29126,148155
29127,21303
29128,4957
29129,161934
29130,177265
29131,21037
29132,178081
29133,178002
29134,147608
29135,176839
29136,19577
29137,146573
29138,178144
29139,177474
29140,5166
29141,33507
29142,147612
29143,177305
29144,146780
29145,161790
29146,162688
29147,177385
29148,147035
29149,162636
29150,162860
29151,4808
29152,178150
29153,4762
29154,32923
29155,176171
29156,161896
29157,4835
29158,147063
29159,162701
29160,147315
29161,20957
29162,32807
29163,162519
29164,177763
29165,4428
29166,20333
29167,146854
29168,176651
29169,4987
29170,3876
29171,146858
29172,5440
29173,20472
29174,176203
29175,161397
29176,32274
29177,21297
29178,162749
29179,4833
29180,146453
29181,4788
29182,177365
29183,4678
29184,3901
29185,161721
29186,177252
29187,163174
29188,147242
29189,162796
29190,32783
29191,32269
29192,146238
29193,3784
29194,33637
29195,33085
29196,33367
29197,177099
29198,161683
29199,161554
29200,162178
29201,146144
29202,32634
29203,147551
29204,147267
29205,33532
29206,32268
29207,32917
29208,20223
29209,146787
29210,32552
29211,176603
29212,147169
29213,20407
29214,161487
29215,162800
29216,176947
29217,33605
29218,21155
29219,20505
29220,146383
29221,5125
29222,21439
29223,176770
29224,32723
29225,177642
29226,177154
29227,162233
29228,176590
29229,177740
29230,3951
29231,177745
29232,147784
29233,21383
29234,176518
29235,148158
29236,32890
29237,147838
29238,33675
29239,176215
29240,20030
29241,177586
29242,20433
29243,148104
29244,21236
29245,147746
29246,4513
29247,33245
29248,146775
29249,162783
29250,3573
29251,147090
29252,3949
29253,5691
29254,176719
29255,146356
29256,3465
29257,178361
29258,3764
29259,32987
29260,177791
29261,20694
29262,163118
29263,146723
29264,33962
29265,147442
29266,32926
29267,5554
29268,20389
29269,161624
29270,32202
29271,147966
29272,32658
29273,146925
29274,177814
29275,20346
29276,4661
29277,32407
29278,19742
29279,146151
29280,5622
29281,4602
29282,161889
29283,33438
29284,21394
29285,20411
29286,163000
29287,177748
29288,4247
29289,147216
29290,5064
29291,176858
29292,21035
29293,162552
29294,147114
29295,32245
29296,147293
29297,20607
29298,3749
29299,3896
29300,176527
29301,5402
29302,146622
29303,147229
29304,33103
29305,33767
29306,147015
29307,21369
29308,4701
29309,32328
29310,4738
29311,147397
29312,5540
29313,176532
29314,161254
29315,147146
29316,4921
29317,148116
29318,177733
29319,33298
29320,161995
29321,146347
29322,177802
29323,3956
29324,177942
29325,33556
29326,177048
29327,32537
29328,4476
29329,177027
29330,5640
29331,162397
29332,177769
29333,5041
29334,3720
29335,33756
29336,4348
29337,146395
29338,33463
29339,161378
29340,3931
29341,147204
29342,4015
29343,146312
29344,5652
29345,147165
29346,161414
29347,33193
29348,146853
29349,32327
29350,147667
29351,147656
29352,32329
29353,147281
29354,161292
29355,177220
29356,32909
29357,161569
29358,3944
29359,21112
29360,176675
29361,176573
29362,147578
29363,33391
29364,162476
29365,147794
29366,33975
29367,177085
29368,161954
29369,19978
29370,33459
29371,146963
29372,147653
29373,33036
29374,176243
29375,176316
29376,5069
29377,162333
29378,20963
29379,176191
29380,20052
29381,33665
29382,4128
29383,177587
29384,33820
29385,20097
29386,146722
29387,177469
29388,20987
29389,176498
29390,33183
29391,21204
29392,20904
29393,4318
29394,162898
29395,20143
29396,4690
29397,148072
29398,21220
29399,161750
29400,147863
29401,4208
29402,5655
29403,146815
29404,4059
29405,176644
29406,162448
29407,146912
29408,176981
29409,19647
29410,176909
29411,176403
29412,20851
29413,177052
29414,176803
29415,146412
29416,33204
29417,20185
29418,20885
29419,32782
29420,3636
29421,4232
29422,147523
29423,176627
29424,177576
29425,5332
29426,33553
29427,146867
29428,163021
29429,177579
29430,178209
29431,146654
29432,20620
29433,147617
29434,20896
29435,5186
29436,161977
29437,161779
29438,5185
29439,33494
29440,163190
29441,147751
29442,178248
29443,33285
29444,161908
29445,178017
29446,4093
29447,162315
29448,20675
29449,3494
29450,20071
29451,161737
29452,5417
29453,4189
29454,161458
29455,19703
29456,146226
29457,20452
29458,32280
29459,176374
29460,147848
29461,33144
29462,32627
29463,20237
29464,176717
29465,33028
29466,33130
29467,161345
29468,176399
29469,21264
29470,4556
29471,4794
29472,5300
29473,33148
29474,148059
29475,19964
29476,177702
29477,176466
29478,32669
29479,147377
29480,32772
29481,176838
29482,162795
29483,3551
29484,176256
29485,161937
29486,33030
29487,146584
29488,4049
29489,20338
29490,33718
29491,162915
29492,161692
29493,147761
29494,21301
29495,5706
29496,4717
29497,3687
29498,32249
29499,5213
29500,176285
29501,162916
29502,21319
29503,176652
29504,147630
29505,177536
29506,147859
29507,32237
29508,161945
29509,32898
29510,4548
29511,161383
29512,177541
29513,161981
29514,146609
29515,32536
29516,19600
29517,19950
29518,177518
29519,146766
29520,19859
29521,33647
29522,33964
29523,146527
29524,146108
29525,163075
29526,177218
29527,4967
29528,147097
29529,19619
29530,21052
29531,5184
29532,178341
29533,5256
29534,177813
29535,147972
29536,162984
29537,20679
29538,4579
29539,32854
29540,21346
29541,146504
29542,4753
29543,147554
29544,20028
29545,177729
29546,19960
29547,33264
29548,146280
29549,161655
29550,146641
29551,32324
29552,5198
29553,176312
29554,21398
29555,162917
29556,19806
29557,21254
29558,162926
29559,176440
29560,162900
29561,4431
29562,146377
29563,147286
29564,4442
29565,20104
29566,161754
29567,176277
29568,20304
29569,147892
29570,146085
29571,21216
29572,147959
29573,3865
29574,161666
29575,20456
29576,147514
29577,19638
29578,177677
29579,5514
29580,32582
29581,176259
29582,20431
29583,147685
29584,161594
29585,20157
29586,147496
29587,163180
29588,176296
29589,147659
29590,4945
29591,176875
29592,147937
29593,3731
29594,32255
29595,176894
29596,33221
29597,147714
29598,4996
29599,3656
29600,147470
29601,148091
29602,20434
29603,161411
29604,19911
29605,4152
29606,161451
29607,32856
29608,32227
29609,33809
29610,20022
29611,146205
29612,147134
29613,162194
29614,162637
29615,162148
29616,177631
29617,32509
29618,20780
29619,21431
29620,177056
29621,162470
29622,19706
29623,20216
29624,162802
29625,147046
29626,163205
29627,161661
29628,147962
29629,148044
29630,147064
29631,177660
29632,19606
29633,33414
29634,177028
29635,178042
29636,147625
29637,3907
29638,4852
29639,4751
29640,147411
29641,162350
29642,162081
29643,32190
29644,162473
29645,21524
29646,161343
29647,146951
29648,32311
29649,147866
29650,34003
29651,20901
29652,21520
29653,5598
29654,147927
29655,33412
29656,162620
29657,4529
29658,162344
29659,147643
29660,33537
29661,32535
29662,161870
29663,4425
29664,32705
29665,3492
29666,162165
29667,5325
29668,177059
29669,32827
29670,162837
29671,177878
29672,176175
29673,146116
29674,162025
29675,162244
29676,161303
29677,163044
29678,161677
29679,177241
29680,147036
29681,162679
29682,20493
29683,3451
29684,20942
29685,33554
29686,177739
29687,5515
29688,32584
29689,5555
29690,148041
29691,19591
29692,34012
29693,19578
29694,21230
29695,162163
29696,3768
29697,147920
29698,19627
29699,3708
29700,32485
29701,162363
29702,33781
29703,33406
29704,4793
29705,5260
29706,163184
29707,20233
29708,146255
29709,147502
29710,146333
29711,21393
29712,21189
29713,146203
29714,32862
29715,147721
29716,32916
29717,176275
29718,161625
29719,5254
29720,177719
29721,32717
29722,162042
29723,146652
29724,178176
29725,21111
29726,147679
29727,21299
29728,177917
29729,5446
29730,4623
29731,19785
29732,161623
29733,33256
29734,161244
29735,162674
29736,20260
29737,146471
29738,19660
29739,4181
29740,20387
29741,5408
29742,20596
29743,161455
29744,162067
29745,33177
29746,147365
29747,5335
29748,20048
29749,161248
29750,5269
29751,5133
29752,33044
29753,20224
29754,147211
29755,4795
29756,176548
29757,161600
29758,3906
29759,4211
29760,176447
29761,4590
29762,33832
29763,148046
29764,4662
29765,32752
29766,33900
29767,19750
29768,162449
29769,3639
29770,20599
29771,147295
29772,162393
29773,148169
29774,5665
29775,19816
29776,146883
29777,178082
29778,4196
29779,20558
29780,161565
29781,163124
29782,147057
29783,33850
29784,162375
29785,32597
29786,20870
29787,20081
29788,147118
29789,4048
29790,176881
29791,4773
29792,5654
29793,162277
29794,20496
29795,20708
29796,146901
29797,176638
29798,162142
29799,162685
29800,20820
29801,146514
29802,178029
29803,21099
29804,19901
29805,4464
29806,5030
29807,177483
29808,4480
29809,4340
29810,176461
29811,176479
29812,20321
29813,146458
29814,148002
29815,3861
29816,21186
29817,20435
29818,161631
29819,178213
29820,162657
29821,147575
29822,5005
29823,163132
29824,20946
29825,20955
29826,146355
29827,19768
29828,162078
29829,177775
29830,5220
29831,162016
29832,4249
29833,20876
29834,4405
29835,4336
29836,148067
29837,3577
29838,163101
29839,32961
29840,161609
29841,147022
29842,147491
29843,4076
29844,177654
29845,21058
29846,21147
29847,147844
29848,4287
29849,21268
29850,176852
29851,177108
29852,178207
29853,161415
29854,146475
29855,147066
29856,33006
29857,33884
29858,177559
29859,33120
29860,162265
29861,146794
29862,4314
29863,177284
29864,33580
29865,178270
29866,4174
29867,147475
29868,4965
29869,20457
29870,177635
29871,148172
29872,33326
29873,147948
29874,161372
29875,147285
29876,176560
29877,4747
29878,178033
29879,146934
29880,20739
29881,33992
29882,161817
29883,33040
29884,33456
29885,161534
29886,33149
29887,20364
29888,161583
29889,176347
29890,4716
29891,162151
29892,19815
29893,161584
29894,32507
29895,5274
29896,33401
29897,177900
29898,33826
29899,146633
29900,177610
29901,4885
29902,4127
29903,4496
29904,32506
29905,177835
29906,161987
29907,146357
29908,147706
29909,3694
29910,4864
29911,21482
29912,147861
29913,4148
29914,32668
29915,162371
29916,20832
29917,177661
29918,4357
29919,19601
29920,148174
29921,20657
29922,161596
29923,33156
29924,178006
29925,146373
29926,177857
29927,162953
29928,21313
29929,33807
29930,147071
29931,32625
29932,32390
29933,5616
29934,162001
29935,20320
29936,4892
29937,176270
29938,162543
29939,162068
29940,147745
29941,176702
29942,163028
29943,3958
29944,20120
29945,147440
29946,162748
29947,33213
29948,177583
29949,4686
29950,147810
29951,148190
29952,177210
29953,4780
29954,161612
29955,4312
29956,5126
29957,146540
29958,20639
29959,33565
29960,20543
29961,147603
29962,33500
29963,146981
29964,146297
29965,176471
29966,176276
29967,5606
29968,147988
29969,162006
29970,3834
29971,4669
29972,3646
29973,148183
29974,177324
29975,4507
29976,178022
29977,177801
29978,21039
29979,20447
29980,4821
29981,147500
29982,20311
29983,176756
29984,163277
29985,32483
29986,4841
29987,20911
29988,162777
29989,33698
29990,21088
29991,33669
29992,148085
29993,177440
29994,4069
29995,33977
29996,146474
29997,3788
29998,32349
29999,163183
30000,21490
30001,178243
30002,19793
30003,4095
30004,21557
30005,148043
30006,162761
30007,147837
30008,177979
30009,177215
30010,161238
30011,163176
30012,33070
30013,147424
30014,176159
30015,162273
30016,162880
30017,4279
30018,20730
30019,177569
30020,146631
30021,147328
30022,4803
30023,4483
30024,33493
30025,177426
30026,176320
30027,32516
30028,5603
30029,176948
30030,177903
30031,177395
30032,147343
30033,20178
30034,20508
30035,177673
30036,4712
30037,4749
30038,176614
30039,32846
30040,162360
30041,21234
30042,176413
30043,176300
30044,4407
30045,177889
30046,32793
30047,146096
30048,21427
30049,33476
30050,176723
30051,161237
30052,176928
30053,146647
30054,33310
30055,19912
30056,20261
30057,146283
30058,147923
30059,176990
30060,162105
30061,147743
30062,19902
30063,5006
30064,148004
30065,21219
30066,161564
30067,33252
30068,32459
30069,32608
30070,148077
30071,176696
30072,33200
30073,147257
30074,19830
30075,33043
30076,147939
30077,161874
30078,146592
30079,147325
30080,5035
30081,147026
30082,21429
30083,32615
30084,20984
30085,161530
30086,3593
30087,4516
30088,33002
30089,5267
30090,33024
30091,4257
30092,161835
30093,148188
30094,32694
30095,147518
30096,177701
30097,21151
30098,33762
30099,177176
30100,177840
30101,33664
30102,146761
30103,32710
30104,3757
30105,161849
30106,21226
30107,176873
30108,5689
30109,5248
30110,33363
30111,176539
30112,177077
30113,148168
30114,3839
30115,162580
30116,146520
30117,176797
30118,3642
30119,20986
30120,146789
30121,162689
30122,146426
30123,147647
30124,32434
30125,32247
30126,33911
30127,3503
30128,5090
30129,20524
30130,176694
30131,177321
30132,176660
30133,176186
30134,21256
30135,21447
30136,21191
30137,177398
30138,147607
30139,147930
30140,176843
30141,162069
30142,20836
30143,19918
30144,4707
30145,20470
30146,147773
30147,33197
30148,162724
30149,161864
30150,146568
30151,4414
30152,32906
30153,33289
30154,177066
30155,146199
30156,33152
30157,178063
30158,146214
30159,20604
30160,178293
30161,5685
30162,147449
30163,146230
30164,4772
30165,20902
30166,33228
30167,5118
30168,33678
30169,33949
30170,178146
30171,32896
30172,176849
30173,32869
30174,19870
30175,5458
30176,178296
30177,146719
30178,162666
30179,146569
30180,20685
30181,20131
30182,33868
30183,21177
30184,5467
30185,177513
30186,162833
30187,3443
30188,176785
30189,3706
30190,161419
30191,146886
30192,146698
30193,3541
30194,148140
30195,20677
30196,20760
30197,148185
30198,147877
30199,146851
30200,176385
30201,147172
30202,20498
30203,21512
30204,4581
30205,32372
30206,162478
30207,147002
30208,162729
30209,20086
30210,146894
30211,162374
30212,178238
30213,21317
30214,161970
30215,162659
30216,33262
30217,21322
30218,3879
30219,177383
30220,20253
30221,161439
30222,146044
30223,32456
30224,33853
30225,21062
30226,3925
30227,161505
30228,177428
30229,147767
30230,33022
30231,33447
30232,178004
30233,146047
30234,146069
30235,21139
30236,33230
30237,146421
30238,176151
30239,147611
30240,20308
30241,177532
30242,4563
30243,162367
30244,147989
30245,163222
30246,176613
30247,5113
30248,146958
30249,147561
30250,5545
30251,163130
30252,162381
30253,4990
30254,33020
30255,147994
30256,3603
30257,176650
30258,20099
30259,3748
30260,4080
30261,177275
30262,33912
30263,33568
30264,147719
30265,3811
30266,33379
30267,177732
30268,4481
30269,176185
30270,33881
30271,177864
30272,5304
30273,4268
30274,146995
30275,32348
30276,33908
30277,4800
30278,146658
30279,178211
30280,162890
30281,33790
30282,176178
30283,32215
30284,33896
30285,33683
30286,3487
30287,178205
30288,146905
30289,147918
30290,32688
30291,33938
30292,3916
30293,177219
30294,147997
30295,162812
30296,147115
30297,146424
30298,176956
30299,4918
30300,20948
30301,33879
30302,177071
30303,33437
30304,20440
30305,162647
30306,147390
30307,176541
30308,33189
30309,20606
30310,176272
30311,162919
30312,176302
30313,162902
30314,5370
30315,147805
30316,5661
30317,3448
30318,178257
30319,4035
30320,20740
30321,147658
30322,20910
30323,32865
30324,21068
30325,146470
30326,32389
30327,32872
30328,3447
30329,19625
30330,4531
30331,3725
30332,147841
30333,4484
30334,19798
30335,162435
30336,146765
30337,19595
30338,20988
30339,176901
30340,21280
30341,21331
30342,33234
30343,3746
30344,146604
30345,162983
30346,146253
30347,162425
30348,178365
30349,177422
30350,20372
30351,162415
30352,177149
30353,20523
30354,162548
30355,4350
30356,21071
30357,163076
30358,32984
30359,146962
30360,162887
30361,32569
30362,176791
30363,161657
30364,5219
30365,178030
30366,162537
30367,177127
30368,162976
30369,33861
30370,4537
30371,162569
30372,176301
30373,32383
30374,161352
30375,162424
30376,161346
30377,161393
30378,20557
30379,21270
30380,33777
30381,146961
30382,20610
30383,147783
30384,177599
30385,176997
30386,177972
30387,177649
30388,161710
30389,33909
30390,32725
30391,177589
30392,147479
30393,161470
30394,162062
30395,176232
30396,177530
30397,148145
30398,4612
30399,161283
30400,147187
30401,147799
30402,148090
30403,33728
30404,33278
30405,176512
30406,20479
30407,3771
30408,4598
30409,147001
30410,162888
30411,162639
30412,21105
30413,4060
30414,3689
30415,148075
30416,3627
30417,178373
30418,19790
30419,20975
30420,162805
30421,19933
30422,33011
30423,4261
30424,32508
30425,32360
30426,3714
30427,163260
30428,147371
30429,5481
30430,147975
30431,32797
30432,33559
30433,5630
30434,20941
30435,5385
30436,146980
30437,32947
30438,147099
30439,21378
30440,33220
30441,32448
30442,9084
30443,23516
30444,24676
30445,10009
30446,24638
30447,9580
30448,25596
30449,453396
30450,36066
30451,279396
30452,288100
30453,25116
30454,9449
30455,449743
30456,23509
30457,279688
30458,280341
30459,280783
30460,8564
30461,280580
30462,10128
30463,450292
30464,23394
30465,299036
30466,287707
30467,36296
30468,299272
30469,297804
30470,10331
30471,452755
30472,279437
30473,23701
30474,36142
30475,36819
30476,35838
30477,280027
30478,450218
30479,24778
30480,24028
30481,9133
30482,298148
30483,36741
30484,9577
30485,299204
30486,8645
30487,24362
30488,24104
30489,287797
30490,452880
30491,36370
30492,288073
30493,298848
30494,36890
30495,289320
30496,279461
30497,289030
30498,25517
30499,8369
30500,279856
30501,23697
30502,298812
30503,9896
30504,10827
30505,297574
30506,36834
30507,453198
30508,299390
30509,280372
30510,280569
30511,37133
30512,298276
30513,298712
30514,9451
30515,450076
30516,36177
30517,280409
30518,289300
30519,10526
30520,298065
30521,37433
30522,297622
30523,450022
30524,297435
30525,449985
30526,299265
30527,279848
30528,279244
30529,25160
30530,289046
30531,9697
30532,9391
30533,298621
30534,36497
30535,279447
30536,279362
30537,299263
30538,36574
30539,298152
30540,24959
30541,23326
30542,289049
30543,36019
30544,37429
30545,279303
30546,9000
30547,289065
30548,287799
30549,279079
30550,449647
30551,24717
30552,25011
30553,24449
30554,288457
30555,297533
30556,279295
30557,25588
30558,35813
30559,36972
30560,452721
30561,280514
30562,24144
30563,36859
30564,9846
30565,10878
30566,298588
30567,37172
30568,8849
30569,298525
30570,37384
30571,36996
30572,24925
30573,449582
30574,9889
30575,25552
30576,287490
30577,299100
30578,9956
30579,279600
30580,453286
30581,37147
30582,299052
30583,35843
30584,299289
30585,299444
30586,37400
30587,24659
30588,23418
30589,9020
30590,289421
30591,24803
30592,453190
30593,280804
30594,10661
30595,288540
30596,279775
30597,453331
30598,10158
30599,25518
30600,8981
30601,37008
30602,298160
30603,279551
30604,9178
30605,24400
30606,280699
30607,287977
30608,24201
30609,289273
30610,36986
30611,24292
30612,288625
30613,298757
30614,279623
30615,36737
30616,299309
30617,299413
30618,280779
30619,25522
30620,10424
30621,23164
30622,279388
30623,24120
30624,9136
30625,25086
30626,23825
30627,37459
30628,36966
30629,288934
30630,23973
30631,280979
30632,9076
30633,8707
30634,10393
30635,453416
30636,279338
30637,23098
30638,36384
30639,289225
30640,23833
30641,287887
30642,279832
30643,288183
30644,24620
30645,449732
30646,24801
30647,9644
30648,23786
30649,11022
30650,23929
30651,298589
30652,298305
30653,449710
30654,298266
30655,24951
30656,279737
30657,36270
30658,9366
30659,10698
30660,288060
30661,297443
30662,35542
30663,280713
30664,288136
30665,280378
30666,297558
30667,287848
30668,449772
30669,36787
30670,36191
30671,280790
30672,35788
30673,280757
30674,24844
30675,10384
30676,289016
30677,25017
30678,453054
30679,287508
30680,280967
30681,453166
30682,450111
30683,10996
30684,279149
30685,24954
30686,280884
30687,23771
30688,287592
30689,23063
30690,298114
30691,24549
30692,25359
30693,37474
30694,24842
30695,288403
30696,9604
30697,288967
30698,8531
30699,25137
30700,288832
30701,288317
30702,37363
30703,449955
30704,35870
30705,280436
30706,452754
30707,280307
30708,279612
30709,297748
30710,25571
30711,36569
30712,10259
30713,9518
30714,449875
30715,289249
30716,9669
30717,288806
30718,9230
30719,23716
30720,23880
30721,8876
30722,280805
30723,449654
30724,288613
30725,287902
30726,298877
30727,23344
30728,35590
30729,8572
30730,9167
30731,288058
30732,289135
30733,298235
30734,279169
30735,289452
30736,280953
30737,8797
30738,10593
30739,287672
30740,279391
30741,35854
30742,279325
30743,9821
30744,37203
30745,289287
30746,10304
30747,297573
30748,23808
30749,25313
30750,23816
30751,35664
30752,10010
30753,9887
30754,288472
30755,289122
30756,279196
30757,25417
30758,9284
30759,8440
30760,288531
30761,9771
30762,25254
30763,37451
30764,35556
30765,298753
30766,10940
30767,289058
30768,279845
30769,8444
30770,23590
30771,289005
30772,298933
30773,298649
30774,289434
30775,449657
30776,9799
30777,10403
30778,452726
30779,10348
30780,280045
30781,289230
30782,24195
30783,280184
30784,35918
30785,23406
30786,289011
30787,25377
30788,288664
30789,8529
30790,37177
30791,36734
30792,289526
30793,299323
30794,24894
30795,288026
30796,37227
30797,297493
30798,36038
30799,298684
30800,298489
30801,36320
30802,23168
30803,288614
30804,453175
30805,449685
30806,287974
30807,280849
30808,9355
30809,24934
30810,452735
30811,287939
30812,9171
30813,9116
30814,35601
30815,24623
30816,10677
30817,289517
30818,10068
30819,453145
30820,299271
30821,452731
30822,288497
30823,10819
30824,452964
30825,298281
30826,23439
30827,36496
30828,287545
30829,10724
30830,452936
30831,25265
30832,23820
30833,287535
30834,289345
30835,9795
30836,449999
30837,10815
30838,279460
30839,23483
30840,453188
30841,36732
30842,280740
30843,8548
30844,279733
30845,9665
30846,279250
30847,37043
30848,10394
30849,279512
30850,36136
30851,289328
30852,288563
30853,9600
30854,24927
30855,298868
30856,279631
30857,36069
30858,8451
30859,289127
30860,453368
30861,299241
30862,24199
30863,10542
30864,36396
30865,289145
30866,297647
30867,8545
30868,8970
30869,280048
30870,452737
30871,450067
30872,453437
30873,453443
30874,35947
30875,8525
30876,23692
30877,36145
30878,288050
30879,10617
30880,36931
30881,280225
30882,25081
30883,289194
30884,299033
30885,279421
30886,8747
30887,10764
30888,24508
30889,8372
30890,289303
30891,452816
30892,9981
30893,280476
30894,297419
30895,23166
30896,10101
30897,9651
30898,35688
30899,450160
30900,10367
30901,453326
30902,449803
30903,287875
30904,280886
30905,25316
30906,279704
30907,24348
30908,24758
30909,36878
30910,280117
30911,37319
30912,36032
30913,23282
30914,280980
30915,297502
30916,24440
30917,450220
30918,449899
30919,23543
30920,36788
30921,37192
30922,9054
30923,24284
30924,279205
30925,36173
30926,35718
30927,288903
30928,9091
30929,279876
30930,9969
30931,23823
30932,298254
30933,9040
30934,35548
30935,24170
30936,23386
30937,449913
30938,450277
30939,288822
30940,23314
30941,288536
30942,35536
30943,10317
30944,449663
30945,9990
30946,299243
30947,452800
30948,287869
30949,279992
30950,298705
30951,9489
30952,453399
30953,289467
30954,289290
30955,35543
30956,280404
30957,449726
30958,289612
30959,8929
30960,8736
30961,298401
30962,37156
30963,288542
30964,10799
30965,297625
30966,449908
30967,35650
30968,449665
30969,25521
30970,35998
30971,9425
30972,23695
30973,37279
30974,23802
30975,279101
30976,280421
30977,25616
30978,8562
30979,24048
30980,8641
30981,24081
30982,279163
30983,299322
30984,36818
30985,8655
30986,298246
30987,9041
30988,8692
30989,9231
30990,279552
30991,288612
30992,10074
30993,23380
30994,9137
30995,453440
30996,25370
30997,24033
30998,23765
30999,24811
31000,24238
31001,24211
31002,453455
31003,24563
31004,280531
31005,280554
31006,453147
31007,288656
31008,298087
31009,449969
31010,280755
31011,37044
31012,288502
31013,9919
31014,288877
31015,449919
31016,298156
31017,10859
31018,280110
31019,10664
31020,9710
31021,299298
31022,23143
31023,10959
31024,10690
31025,449616
31026,36175
31027,36322
31028,279466
31029,25279
31030,8926
31031,297949
31032,36436
31033,297763
31034,37323
31035,36594
31036,453404
31037,449707
31038,279153
31039,25612
31040,288053
31041,298839
31042,23995
31043,298904
31044,453464
31045,23419
31046,298486
31047,453000
31048,299042
31049,9328
31050,289334
31051,25300
31052,288628
31053,8717
31054,10314
31055,298123
31056,299383
31057,452848
31058,449758
31059,287768
31060,287515
31061,298850
31062,287835
31063,25310
31064,450149
31065,23822
31066,8721
31067,24118
31068,449661
31069,10432
31070,23331
31071,297939
31072,289061
31073,10149
31074,25373
31075,279874
31076,280171
31077,298385
31078,10250
31079,289235
31080,287932
31081,8560
31082,37212
31083,453184
31084,289619
31085,36711
31086,10035
31087,280671
31088,287948
31089,297904
31090,25008
31091,23560
31092,24294
31093,23720
31094,10117
31095,288879
31096,289197
31097,452852
31098,24918
31099,299335
31100,24139
31101,289344
31102,10408
31103,24365
31104,10376
31105,280352
31106,24548
31107,8353
31108,279555
31109,287923
31110,25365
31111,279440
31112,24288
31113,289315
31114,24593
31115,287599
31116,10825
31117,450222
31118,9346
31119,8916
31120,25177
31121,25499
31122,449695
31123,24462
31124,298686
31125,280552
31126,23431
31127,298979
31128,280199
31129,297559
31130,288866
31131,289107
31132,24022
31133,299454
31134,298202
31135,37326
31136,450013
31137,453077
31138,10931
31139,9347
31140,24092
31141,287775
31142,35765
31143,37283
31144,288667
31145,9895
31146,288019
31147,289096
31148,287774
31149,23214
31150,288697
31151,287610
31152,25509
31153,9182
31154,279224
31155,37358
31156,36748
31157,280737
31158,8883
31159,24407
31160,10102
31161,280850
31162,10497
31163,299466
31164,9875
31165,280806
31166,280668
31167,36356
31168,10985
31169,24151
31170,280474
31171,289140
31172,289109
31173,453181
31174,280085
31175,23530
31176,287750
31177,289506
31178,24086
31179,280013
31180,9618
31181,297620
31182,297820
31183,36176
31184,299245
31185,280451
31186,10543
31187,24597
31188,288408
31189,23482
31190,279742
31191,23592
31192,24540
31193,24391
31194,35844
31195,23090
31196,279666
31197,36009
31198,298044
31199,288576
31200,9398
31201,288731
31202,298466
31203,9920
31204,9977
31205,287933
31206,297866
31207,288337
31208,36461
31209,25448
31210,450061
31211,23673
31212,8938
31213,35670
31214,9311
31215,279675
31216,452958
31217,289035
31218,289553
31219,8866
31220,453466
31221,23346
31222,25319
31223,287747
31224,36170
31225,36225
31226,452944
31227,23526
31228,297653
31229,299014
31230,9711
31231,453138
31232,280493
31233,449938
31234,36804
31235,24646
31236,36321
31237,280687
31238,8619
31239,10772
31240,289123
31241,299215
31242,23691
31243,288509
31244,10837
31245,11031
31246,288629
31247,9508
31248,449824
31249,10079
31250,9603
31251,10244
31252,299027
31253,453335
31254,287618
31255,288097
31256,299352
31257,25560
31258,288231
31259,24554
31260,297889
31261,9934
31262,23445
31263,8611
31264,24274
31265,279534
31266,279948
31267,289210
31268,289339
31269,297760
31270,287578
31271,23622
31272,298721
31273,8719
31274,298609
31275,10732
31276,9885
31277,280648
31278,23546
31279,35609
31280,450161
31281,36236
31282,9191
31283,10414
31284,35704
31285,289220
31286,25176
31287,9254
31288,279783
31289,288748
31290,453452
31291,453116
31292,287885
31293,35637
31294,288204
31295,298186
31296,298680
31297,280098
31298,450021
31299,287910
31300,9396
31301,288641
31302,10059
31303,280007
31304,23912
31305,288293
31306,9344
31307,280438
31308,35819
31309,280958
31310,10272
31311,288265
31312,452993
31313,298950
31314,279565
31315,298106
31316,287929
31317,280700
31318,280589
31319,23192
31320,288218
31321,24734
31322,297836
31323,297925
31324,297803
31325,35658
31326,297720
31327,24302
31328,23794
31329,280015
31330,288844
31331,35722
31332,287891
31333,9858
31334,35895
31335,288049
31336,24584
31337,24948
31338,288466
31339,36758
31340,25147
31341,23413
31342,23177
31343,24569
31344,9663
31345,452855
31346,288032
31347,280662
31348,449568
31349,25368
31350,25006
31351,36867
31352,287745
31353,24300
31354,10824
31355,288793
31356,279858
31357,9340
31358,36848
31359,10399
31360,298101
31361,453107
31362,450259
31363,24331
31364,280037
31365,450317
31366,288665
31367,23956
31368,35598
31369,288900
31370,452712
31371,289252
31372,35959
31373,24018
31374,279443
31375,8601
31376,8542
31377,35646
31378,288410
31379,298575
31380,298485
31381,23076
31382,298632
31383,8712
31384,8968
31385,298005
31386,288575
31387,280784
31388,287792
31389,10725
31390,279249
31391,279245
31392,452973
31393,25055
31394,453314
31395,289120
31396,36068
31397,36597
31398,289128
31399,36563
31400,280442
31401,280283
31402,8492
31403,297712
31404,8869
31405,279230
31406,24068
31407,24460
31408,37234
31409,288950
31410,288545
31411,280415
31412,10189
31413,8503
31414,288241
31415,287652
31416,449810
31417,23399
31418,298802
31419,9705
31420,287658
31421,280636
31422,452962
31423,298070
31424,25157
31425,452980
31426,289314
31427,279341
31428,23345
31429,35627
31430,297491
31431,299431
31432,36507
31433,37035
31434,280536
31435,289212
31436,299212
31437,279400
31438,37481
31439,23911
31440,8398
31441,279864
31442,289416
31443,37176
31444,298145
31445,24600
31446,36317
31447,10242
31448,25040
31449,298541
31450,289088
31451,279967
31452,280955
31453,298946
31454,35811
31455,299026
31456,37450
31457,452920
31458,288706
31459,280801
31460,36387
31461,298053
31462,25553
31463,297700
31464,299158
31465,298685
31466,287756
31467,23576
31468,25468
31469,23962
31470,279129
31471,453298
31472,36465
31473,299333
31474,453017
31475,298020
31476,288571
31477,36921
31478,10823
31479,280726
31480,36763
31481,280596
31482,10094
31483,8737
31484,279146
31485,36218
31486,280542
31487,298987
31488,8587
31489,25355
31490,36629
31491,24278
31492,288101
31493,23681
31494,9776
31495,288282
31496,449805
31497,450281
31498,10794
31499,450134
31500,280159
31501,35553
31502,298878
31503,288974
31504,288947
31505,36415
31506,23540
31507,449694
31508,298912
31509,453379
31510,9673
31511,25107
31512,297963
31513,36898
31514,289508
31515,298592
31516,10402
31517,297561
31518,449662
31519,23127
31520,24637
31521,10320
31522,452811
31523,298776
31524,287733
31525,10636
31526,35950
31527,9452
31528,23658
31529,25047
31530,23605
31531,11024
31532,35680
31533,35986
31534,288680
31535,288153
31536,279222
31537,23852
31538,450053
31539,10472
31540,288617
31541,36230
31542,279093
31543,37276
31544,288884
31545,279595
31546,279833
31547,25307
31548,36746
31549,449887
31550,24721
31551,35835
31552,279164
31553,288300
31554,9682
31555,449704
31556,25423
31557,298480
31558,452699
31559,281019
31560,23385
31561,25070
31562,9608
31563,24107
31564,24857
31565,37131
31566,280760
31567,23608
31568,23862
31569,23676
31570,298261
31571,36938
31572,288496
31573,299348
31574,297710
31575,24807
31576,449575
31577,36042
31578,297511
31579,10970
31580,36695
31581,289608
31582,298003
31583,36030
31584,24390
31585,288532
31586,11035
31587,10629
31588,452704
31589,24017
31590,37331
31591,9030
31592,24463
31593,449994
31594,24716
31595,449561
31596,9140
31597,36179
31598,289002
31599,297856
31600,24381
31601,288682
31602,25191
31603,297732
31604,36764
31605,452867
31606,289178
31607,9206
31608,289327
31609,453100
31610,297602
31611,9010
31612,453333
31613,288010
31614,36874
31615,297454
31616,24221
31617,9549
31618,449876
31619,288057
31620,279182
31621,36089
31622,280331
31623,36879
31624,289193
31625,36354
31626,289162
31627,288634
31628,24020
31629,280303
31630,35874
31631,8644
31632,288812
31633,10014
31634,298590
31635,23449
31636,36729
31637,298264
31638,9239
31639,35593
31640,298847
31641,25371
31642,9486
31643,280455
31644,23437
31645,25127
31646,299284
31647,450323
31648,10504
31649,289442
31650,288596
31651,298371
31652,24403
31653,36513
31654,9266
31655,36446
31656,8896
31657,279486
31658,280582
31659,24117
31660,279538
31661,23139
31662,24562
31663,288290
31664,298777
31665,9552
31666,449858
31667,8527
31668,10740
31669,280266
31670,11023
31671,35776
31672,9274
31673,298794
31674,10143
31675,23844
31676,288264
31677,280210
31678,287614
31679,23429
31680,9694
31681,287960
31682,280709
31683,23126
31684,287480
31685,298700
31686,453224
31687,25062
31688,297694
31689,298357
31690,453169
31691,289390
31692,280398
31693,297615
31694,279757
31695,37417
31696,25465
31697,280593
31698,8453
31699,35657
31700,36609
31701,280109
31702,280556
31703,279453
31704,298439
31705,279432
31706,23293
31707,279693
31708,9242
31709,24654
31710,25130
31711,8618
31712,36169
31713,24800
31714,37397
31715,449808
31716,299199
31717,10846
31718,23067
31719,24198
31720,279748
31721,8591
31722,289156
31723,452824
31724,35649
31725,24739
31726,280137
31727,24629
31728,297771
31729,9907
31730,449793
31731,9699
31732,36409
31733,37188
31734,280924
31735,298482
31736,10387
31737,450165
31738,298252
31739,280674
31740,8390
31741,9446
31742,289283
31743,453395
31744,8495
31745,25426
31746,36238
31747,25573
31748,280261
31749,288333
31750,298837
31751,23132
31752,23827
31753,297844
31754,288448
31755,24438
31756,9260
31757,9099
31758,25323
31759,10503
31760,36457
31761,279789
31762,25586
31763,8486
31764,450326
31765,23858
31766,24099
31767,10907
31768,288285
31769,36965
31770,289415
31771,24312
31772,36546
31773,449620
31774,279886
31775,299412
31776,299229
31777,453009
31778,279982
31779,287513
31780,453243
31781,299308
31782,297464
31783,288728
31784,23774
31785,9402
31786,453136
31787,288268
31788,287579
31789,25288
31790,10597
31791,449709
31792,289468
31793,453005
31794,9248
31795,450226
31796,289307
31797,298902
31798,280093
31799,35965
31800,280889
31801,23757
31802,288636
31803,35700
31804,23979
31805,289523
31806,289586
31807,279732
31808,25404
31809,9567
31810,9715
31811,23909
31812,24985
31813,450128
31814,453239
31815,8676
31816,452894
31817,35769
31818,10834
31819,10381
31820,287867
31821,453275
31822,36968
31823,450250
31824,25486
31825,23393
31826,9566
31827,288963
31828,279966
31829,10832
31830,23932
31831,289110
31832,24946
31833,23758
31834,297703
31835,37179
31836,453125
31837,36607
31838,289052
31839,25226
31840,24507
31841,23814
31842,24788
31843,452806
31844,298948
31845,10676
31846,298797
31847,280113
31848,288631
31849,36567
31850,8740
31851,452921
31852,35675
31853,280946
31854,8809
31855,37006
31856,289054
31857,37337
31858,36204
31859,36978
31860,280102
31861,279728
31862,297697
31863,280686
31864,288150
31865,23776
31866,36192
31867,37285
31868,450024
31869,23779
31870,453086
31871,450271
31872,10263
31873,23521
31874,279515
31875,11058
31876,298427
31877,288175
31878,8957
31879,281013
31880,9868
31881,452978
31882,279392
31883,8920
31884,287982
31885,35833
31886,36092
31887,23859
31888,37391
31889,37121
31890,36638
31891,298635
31892,299002
31893,450058
31894,36945
31895,280941
31896,36710
31897,9931
31898,297823
31899,450154
31900,288280
31901,36784
31902,279132
31903,280031
31904,36466
31905,35748
31906,36666
31907,299455
31908,37267
31909,24405
31910,279714
31911,280491
31912,287554
31913,298756
31914,36459
31915,10892
31916,280574
31917,298457
31918,299151
31919,298792
31920,280306
31921,9067
31922,35620
31923,37295
31924,24026
31925,24783
31926,452741
31927,36956
31928,453334
31929,37347
31930,10891
31931,449611
31932,280445
31933,9742
31934,35587
31935,449656
31936,288107
31937,37465
31938,280343
31939,297873
31940,288130
31941,24747
31942,37382
31943,280233
31944,288006
31945,287742
31946,24051
31947,9610
31948,289522
31949,288759
31950,36376
31951,452843
31952,24281
31953,280242
31954,288064
31955,288460
31956,453133
31957,24036
31958,297476
31959,36518
31960,452817
31961,450012
31962,24458
31963,452858
31964,36058
31965,23961
31966,23515
31967,9413
31968,36133
31969,450217
31970,289622
31971,288935
31972,449621
31973,280613
31974,8950
31975,279759
31976,453073
31977,36183
31978,10884
31979,24782
31980,287994
31981,23679
31982,452748
31983,10429
31984,280069
31985,453343
31986,279081
31987,24106
31988,24180
31989,37361
31990,36770
31991,23843
31992,298173
31993,298795
31994,288681
31995,287772
31996,449898
31997,10016
31998,35810
31999,298230
32000,279646
32001,298524
32002,289169
32003,24723
32004,8380
32005,299257
32006,9941
32007,450095
32008,289150
32009,279088
32010,453397
32011,36292
32012,453211
32013,452896
32014,35857
32015,23284
32016,288713
32017,279584
32018,298873
32019,450284
32020,288055
32021,298939
32022,10913
32023,36647
32024,287633
32025,279801
32026,36043
32027,453002
32028,25315
32029,10986
32030,36852
32031,24031
32032,37019
32033,10479
32034,8768
32035,23468
32036,297814
32037,11041
32038,23081
32039,36015
32040,36476
32041,289294
32042,36450
32043,287988
32044,280523
32045,280186
32046,23722
32047,287539
32048,450129
32049,35807
32050,10041
32051,8855
32052,36327
32053,36642
32054,10904
32055,279100
32056,36314
32057,280280
32058,24924
32059,298542
32060,449920
32061,288989
32062,280765
32063,10700
32064,297660
32065,36271
32066,298147
32067,24917
32068,280021
32069,298330
32070,288113
32071,24299
32072,279752
32073,9501
32074,9591
32075,297709
32076,299101
32077,288984
32078,299148
32079,299004
32080,24660
32081,299382
32082,9250
32083,8793
32084,24530
32085,279976
32086,449569
32087,279774
32088,36432
32089,8615
32090,25151
32091,287587
32092,24490
32093,24025
32094,280926
32095,452930
32096,8765
32097,25172
32098,36161
32099,36180
32100,23770
32101,288683
32102,298331
32103,287864
32104,24482
32105,35707
32106,289362
32107,25475
32108,453067
32109,10103
32110,279961
32111,453387
32112,25516
32113,23159
32114,8392
32115,279905
32116,35988
32117,23382
32118,10118
32119,450155
32120,289381
32121,24196
32122,453424
32123,10710
32124,287692
32125,453110
32126,10454
32127,298744
32128,450202
32129,280360
32130,449592
32131,287728
32132,24226
32133,289583
32134,280368
32135,37002
32136,298604
32137,23619
32138,9507
32139,23441
32140,289266
32141,297418
32142,298120
32143,452906
32144,280505
32145,280928
32146,289095
32147,279740
32148,9087
32149,279859
32150,23182
32151,298343
32152,25189
32153,288236
32154,279223
32155,9739
32156,280196
32157,287903
32158,36378
32159,449990
32160,9643
32161,36382
32162,23301
32163,298973
32164,10231
32165,450027
32166,297591
32167,36831
32168,9628
32169,287538
32170,288721
32171,24545
32172,35791
32173,8924
32174,298610
32175,297921
32176,297457
32177,10946
32178,9485
32179,450131
32180,23448
32181,9741
32182,23373
32183,35655
32184,23458
32185,298716
32186,289280
32187,288955
32188,289404
32189,298140
32190,25138
32191,289257
32192,25187
32193,23356
32194,288215
32195,23611
32196,297564
32197,299286
32198,9500
32199,9607
32200,24614
32201,449951
32202,279933
32203,299129
32204,288945
32205,279808
32206,24326
32207,449879
32208,8595
32209,10607
32210,288342
32211,280515
32212,449579
32213,23847
32214,36672
32215,10717
32216,37081
32217,287810
32218,298943
32219,279335
32220,9101
32221,299349
32222,281020
32223,23486
32224,297784
32225,10694
32226,449623
32227,8678
32228,289042
32229,298754
32230,10073
32231,287751
32232,452794
32233,37061
32234,10513
32235,297542
32236,23527
32237,298932
32238,36590
32239,35721
32240,9514
32241,298619
32242,288640
32243,452866
32244,280011
32245,8498
32246,36777
32247,449922
32248,289196
32249,24923
32250,9281
32251,8602
32252,297990
32253,24108
32254,298175
32255,10928
32256,449738
32257,280984
32258,24040
32259,24542
32260,288208
32261,289311
32262,299385
32263,37117
32264,10045
32265,35995
32266,35792
32267,36482
32268,36421
32269,280625
32270,279907
32271,37300
32272,8930
32273,23598
32274,36254
32275,298504
32276,24367
32277,298413
32278,8362
32279,280663
32280,10957
32281,25066
32282,287823
32283,298586
32284,449786
32285,36832
32286,449670
32287,37381
32288,36685
32289,288685
32290,36410
32291,280844
32292,10845
32293,298667
32294,288234
32295,450049
32296,280634
32297,10569
32298,450102
32299,10641
32300,24248
32301,25001
32302,298339
32303,9225
32304,298534
32305,449771
32306,24704
32307,287777
32308,36795
32309,279066
32310,10515
32311,36144
32312,36422
32313,280176
32314,298893
32315,36040
32316,24097
32317,298982
32318,9746
32319,35887
32320,10722
32321,279264
32322,298216
32323,450249
32324,279770
32325,8932
32326,279582
32327,453372
32328,10805
32329,35859
32330,8862
32331,452842
32332,10809
32333,23061
32334,289101
32335,288626
32336,280393
32337,10221
32338,279521
32339,35584
32340,287713
32341,9717
32342,280180
32343,288828
32344,298416
32345,24347
32346,35938
32347,10902
32348,36167
32349,23064
32350,35846
32351,449891
32352,9759
32353,9453
32354,279768
32355,298406
32356,36667
32357,36056
32358,23118
32359,24266
32360,24255
32361,10006
32362,8890
32363,23228
32364,453112
32365,36098
32366,288710
32367,280423
32368,36512
32369,10720
32370,9114
32371,8701
32372,453025
32373,298066
32374,449767
32375,8355
32376,8722
32377,280913
32378,36659
32379,25443
32380,37378
32381,297544
32382,287543
32383,279655
32384,280778
32385,9113
32386,9429
32387,25051
32388,297830
32389,24808
32390,453338
32391,299440
32392,452697
32393,35557
32394,10961
32395,287605
32396,288126
32397,8840
32398,299341
32399,280877
32400,9634
32401,298852
32402,297526
32403,287732
32404,298969
32405,298181
32406,298789
32407,10218
32408,37368
32409,453388
32410,280326
32411,279557
32412,23877
32413,279194
32414,25357
32415,10618
32416,36059
32417,23549
32418,449885
32419,279290
32420,9487
32421,453273
32422,10747
32423,289492
32424,24966
32425,25207
32426,287760
32427,8404
32428,279857
32429,9382
32430,36184
32431,35701
32432,36605
32433,9802
32434,23934
32435,36413
32436,36525
32437,24109
32438,299439
32439,23276
32440,10487
32441,279731
32442,10841
32443,23735
32444,449854
32445,9815
32446,10435
32447,279629
32448,8708
32449,453394
32450,10436
32451,279407
32452,288274
32453,25203
32454,37021
32455,279921
32456,25494
32457,279500
32458,279441
32459,24038
32460,24913
32461,297722
32462,287780
32463,23253
32464,288949
32465,24461
32466,23857
32467,452692
32468,288743
32469,36462
32470,287783
32471,10019
32472,288765
32473,279409
32474,25498
32475,35712
32476,450068
32477,37190
32478,37342
32479,24820
32480,449608
32481,9203
32482,9716
32483,287721
32484,23544
32485,23401
32486,280825
32487,279932
32488,289166
32489,279273
32490,8483
32491,24635
32492,25510
32493,24574
32494,10968
32495,23160
32496,288493
32497,24678
32498,289126
32499,453164
32500,453339
32501,36806
32502,453123
32503,24867
32504,298940
32505,36402
32506,8429
32507,9816
32508,289347
32509,288734
32510,8623
32511,11059
32512,287518
32513,25481
32514,449861
32515,279402
32516,299094
32517,452923
32518,453428
32519,280191
32520,10433
32521,279699
32522,25294
32523,298122
32524,10510
32525,288655
32526,36449
32527,297729
32528,24455
32529,8473
32530,449763
32531,9527
32532,9105
32533,10046
32534,298888
32535,10624
32536,8393
32537,35643
32538,298698
32539,8879
32540,449930
32541,280547
32542,9526
32543,35597
32544,25244
32545,10635
32546,298977
32547,23134
32548,289399
32549,35985
32550,36572
32551,288551
32552,36198
32553,8566
32554,299456
32555,280147
32556,280012
32557,37026
32558,24376
32559,25289
32560,23900
32561,297474
32562,298455
32563,23421
32564,298304
32565,289367
32566,450191
32567,279422
32568,25614
32569,37220
32570,280185
32571,23368
32572,298545
32573,279097
32574,279259
32575,450091
32576,37317
32577,24143
32578,297529
32579,280220
32580,299232
32581,9074
32582,9029
32583,24735
32584,36646
32585,297838
32586,297406
32587,9109
32588,23848
32589,8489
32590,297865
32591,280619
32592,9791
32593,299347
32594,279785
32595,298864
32596,35993
32597,24806
32598,289556
32599,297972
32600,299344
32601,279580
32602,287975
32603,280222
32604,288782
32605,36358
32606,23456
32607,23205
32608,23113
32609,280615
32610,287811
32611,10921
32612,280353
32613,36786
32614,23626
32615,23336
32616,35654
32617,24965
32618,9961
32619,289006
32620,35939
32621,288717
32622,453324
32623,10350
32624,9407
32625,23489
32626,288691
32627,8933
32628,23296
32629,280396
32630,279463
32631,288135
32632,280675
32633,280077
32634,23517
32635,453162
32636,280830
32637,279819
32638,289240
32639,288633
32640,287593
32641,449602
32642,9946
32643,297705
32644,449873
32645,8980
32646,289411
32647,37393
32648,298740
32649,453290
32650,288395
32651,288650
32652,449890
32653,298999
32654,9036
32655,25622
32656,289332
32657,299274
32658,10554
32659,450157
32660,8691
32661,289031
32662,288805
32663,37442
32664,279561
32665,24433
32666,9677
32667,288692
32668,8346
32669,10790
32670,10962
32671,299150
32672,297466
32673,298783
32674,10779
32675,10500
32676,297449
32677,10521
32678,8549
32679,24388
32680,24181
32681,298708
32682,23188
32683,298889
32684,9359
32685,298162
32686,8577
32687,25479
32688,24526
32689,24679
32690,37477
32691,288392
32692,10203
32693,23809
32694,24708
32695,24258
32696,287722
32697,9537
32698,36137
32699,279229
32700,287708
32701,298694
32702,280970
32703,24939
32704,449708
32705,23944
32706,298921
32707,10087
32708,279611
32709,297768
32710,287855
32711,280129
32712,287900
32713,298849
32714,25297
32715,8784
32716,449965
32717,298646
32718,298314
32719,36664
32720,450082
32721,298423
32722,288198
32723,35963
32724,9606
32725,9354
32726,289227
32727,10236
32728,25405
32729,36649
32730,37130
32731,36420
32732,36162
32733,37105
32734,297628
32735,35551
32736,297706
32737,280808
32738,289079
32739,297786
32740,23147
32741,35690
32742,8466
32743,36293
32744,25278
32745,289424
32746,280019
32747,288904
32748,23165
32749,36052
32750,8354
32751,9477
32752,288194
32753,37289
32754,453082
32755,289317
32756,449924
32757,24969
32758,9400
32759,298298
32760,297627
32761,288996
32762,23107
32763,279386
32764,279895
32765,279272
32766,280236
32767,279166
32768,288253
32769,9256
32770,25538
32771,298126
32772,35719
32773,24963
32774,280885
32775,299393
32776,287952
32777,297739
32778,298116
32779,9019
32780,299362
32781,10159
32782,299117
32783,452885
32784,37226
32785,450136
32786,280030
32787,279473
32788,24720
32789,10930
32790,36151
32791,280788
32792,37455
32793,280588
32794,10943
32795,35878
32796,25332
32797,37462
32798,288405
32799,36451
32800,288182
32801,297589
32802,452971
32803,280546
32804,450173
32805,289032
32806,287665
32807,297965
32808,10229
32809,289050
32810,298224
32811,9822
32812,37374
32813,24204
32814,287551
32815,298491
32816,37049
32817,279558
32818,23803
32819,280267
32820,24570
32821,24430
32822,453309
32823,36935
32824,298268
32825,23741
32826,35760
32827,36952
32828,8592
32829,287483
32830,8530
32831,298501
32832,449971
32833,298603
32834,449604
32835,289372
32836,9025
32837,287730
32838,453191
32839,280450
32840,449690
32841,37452
32842,452875
32843,289209
32844,25167
32845,450264
32846,298634
32847,298203
32848,24103
32849,281011
32850,288541
32851,24736
32852,25100
32853,36256
32854,23992
32855,287984
32856,35744
32857,23245
32858,9463
32859,298280
32860,23812
32861,289056
32862,35586
32863,36899
32864,288075
32865,36234
32866,279213
32867,299287
32868,287841
32869,298350
32870,9295
32871,450328
32872,9361
32873,279072
32874,36628
32875,23579
32876,453026
32877,8361
32878,36338
32879,9011
32880,298755
32881,37426
32882,9049
32883,279271
32884,36544
32885,37480
32886,297765
32887,10871
32888,25536
32889,279973
32890,23465
32891,9309
32892,23523
32893,23374
32894,36087
32895,299019
32896,9283
32897,450186
32898,9805
32899,9236
32900,279836
32901,299089
32902,287886
32903,297809
32904,23357
32905,24229
32906,35641
32907,25581
32908,36397
32909,35656
32910,9302
32911,10084
32912,24468
32913,449869
32914,452924
32915,289607
32916,287758
32917,287683
32918,8481
32919,298671
32920,453210
32921,279307
32922,36120
32923,450245
32924,289456
32925,298309
32926,23487
32927,299005
32928,10801
32929,24011
32930,280313
32931,298915
32932,298793
32933,36940
32934,24770
32935,289412
32936,453398
32937,23229
32938,287486
32939,36155
32940,289480
32941,36034
32942,297459
32943,24241
32944,297612
32945,23237
32946,24854
32947,279591
32948,288745
32949,10519
32950,8756
32951,280857
32952,36127
32953,9819
32954,279826
32955,23678
32956,288838
32957,287843
32958,36922
32959,280649
32960,279656
32961,37266
32962,288769
32963,449912
32964,8944
32965,288673
32966,280433
32967,287681
32968,298031
32969,280866
32970,288917
32971,8832
32972,11052
32973,23878
32974,35667
32975,298105
32976,298349
32977,36408
32978,9828
32979,10293
32980,10535
32981,9345
32982,288161
32983,289479
32984,25025
32985,288463
32986,299222
32987,453187
32988,36406
32989,289076
32990,450301
32991,24479
32992,24642
32993,289392
32994,279496
32995,297793
32996,8593
32997,10508
32998,24865
32999,288051
33000,299415
33001,288732
33002,10559
33003,297563
33004,23443
33005,280384
33006,23484
33007,23726
33008,24613
33009,25026
33010,24394
33011,37410
33012,288082
33013,298233
33014,9155
33015,289292
33016,452890
33017,25061
33018,450210
33019,23694
33020,298970
33021,25211
33022,297578
33023,24524
33024,9532
33025,289482
33026,299411
33027,25427
33028,287878
33029,36601
33030,449751
33031,23724
33032,450125
33033,297723
33034,8857
33035,453235
33036,23620
33037,10525
33038,37236
33039,450042
33040,279738
33041,9737
33042,37047
33043,11039
33044,280165
33045,280381
33046,9535
33047,280284
33048,449830
33049,25090
33050,36944
33051,25565
33052,297614
33053,24599
33054,298574
33055,452929
33056,299095
33057,289450
33058,10547
33059,297640
33060,35717
33061,10869
33062,10141
33063,450039
33064,23637
33065,24663
33066,37232
33067,10278
33068,25528
33069,9841
33070,23496
33071,9424
33072,450208
33073,10246
33074,299278
33075,10309
33076,25219
33077,9595
33078,36639
33079,23570
33080,24652
33081,298118
33082,299420
33083,288703
33084,25527
33085,297691
33086,299102
33087,8378
33088,9652
33089,298086
33090,297757
33091,279197
33092,25574
33093,298358
33094,25570
33095,280558
33096,280258
33097,289378
33098,35692
33099,288387
33100,298550
33101,9602
33102,288065
33103,453121
33104,288298
33105,288646
33106,280670
33107,10255
33108,280772
33109,288184
33110,36947
33111,280309
33112,280658
33113,449816
33114,23209
33115,287926
33116,24995
33117,297667
33118,280902
33119,23577
33120,298023
33121,25168
33122,287630
33123,280300
33124,23434
33125,36948
33126,10005
33127,280692
33128,449706
33129,299262
33130,289319
33131,449677
33132,280933
33133,35626
33134,8738
33135,23425
33136,9923
33137,280929
33138,279179
33139,36781
33140,289602
33141,25335
33142,10782
33143,279594
33144,8742
33145,24432
33146,280036
33147,24511
33148,297604
33149,299120
33150,35720
33151,36886
33152,9488
33153,24217
33154,35992
33155,9553
33156,36727
33157,453048
33158,23761
33159,24257
33160,288737
33161,452873
33162,24792
33163,450003
33164,8533
33165,23606
33166,289160
33167,452830
33168,23599
33169,279706
33170,25273
33171,24416
33172,23689
33173,36008
33174,37345
33175,25360
33176,288442
33177,8965
33178,9844
33179,449769
33180,288776
33181,287567
33182,298245
33183,289001
33184,297890
33185,289201
33186,280571
33187,10789
33188,24493
33189,453037
33190,279346
33191,452900
33192,279981
33193,37387
33194,288704
33195,10056
33196,453030
33197,299133
33198,10511
33199,298719
33200,36468
33201,280810
33202,37479
33203,8910
33204,10448
33205,279157
33206,297452
33207,37168
33208,299400
33209,37127
33210,297880
33211,280290
33212,449800
33213,10752
33214,449754
33215,35889
33216,9790
33217,37083
33218,298012
33219,298273
33220,24685
33221,289114
33222,10963
33223,280607
33224,289068
33225,298430
33226,288615
33227,37371
33228,25067
33229,9516
33230,10958
33231,10268
33232,279953
33233,452942
33234,450305
33235,9305
33236,36253
33237,24123
33238,453291
33239,287712
33240,23745
33241,279671
33242,25451
33243,280348
33244,280957
33245,23212
33246,287831
33247,10267
33248,24513
33249,288890
33250,288503
33251,10151
33252,24771
33253,289241
33254,288319
33255,24619
33256,37097
33257,287500
33258,23073
33259,297463
33260,449673
33261,24014
33262,8964
33263,9276
33264,25610
33265,23280
33266,289459
33267,23777
33268,37162
33269,10311
33270,298134
33271,298189
33272,279329
33273,25027
33274,10615
33275,35856
33276,288489
33277,37237
33278,453294
33279,24469
33280,279428
33281,450198
33282,25031
33283,289226
33284,10529
33285,35795
33286,36991
33287,10783
33288,287540
33289,279368
33290,279592
33291,24616
33292,298895
33293,288177
33294,8399
33295,279426
33296,25333
33297,298315
33298,452956
33299,36330
33300,36048
33301,299350
33302,25503
33303,36896
33304,23561
33305,450230
33306,25466
33307,24157
33308,288619
33309,449989
33310,280270
33311,10829
33312,299143
33313,452733
33314,280701
33315,25339
33316,24222
33317,299107
33318,10039
33319,453288
33320,299035
33321,36557
33322,24577
33323,287496
33324,25271
33325,280908
33326,298099
33327,452922
33328,280401
33329,280789
33330,287528
33331,280253
33332,9511
33333,37069
33334,449703
33335,452939
33336,279301
33337,10644
33338,23249
33339,279544
33340,9244
33341,24931
33342,36688
33343,9687
33344,10069
33345,37379
33346,280394
33347,36494
33348,299187
33349,25408
33350,23124
33351,36828
33352,280543
33353,9938
33354,9897
33355,297686
33356,9700
33357,10562
33358,23381
33359,299268
33360,36031
33361,280851
33362,298231
33363,287697
33364,452772
33365,279828
33366,288929
33367,449699
33368,297688
33369,9290
33370,289015
33371,298469
33372,287637
33373,279970
33374,280312
33375,23335
33376,36728
33377,10919
33378,36244
33379,10090
33380,298724
33381,10438
33382,23273
33383,299237
33384,23302
33385,453296
33386,36100
33387,288067
33388,288616
33389,36585
33390,450052
33391,297595
33392,9876
33393,450286
33394,10748
33395,24525
33396,280132
33397,288336
33398,288002
33399,10283
33400,280264
33401,298178
33402,10682
33403,279568
33404,9572
33405,453462
33406,9839
33407,299391
33408,24063
33409,23264
33410,9638
33411,36704
33412,24840
33413,297750
33414,279668
33415,24399
33416,9624
33417,452970
33418,453150
33419,299292
33420,298630
33421,297486
33422,297725
33423,8810
33424,289613
33425,9676
33426,298348
33427,23971
33428,280854
33429,280238
33430,289195
33431,298963
33432,9616
33433,11016
33434,24987
33435,279877
33436,298927
33437,23283
33438,289465
33439,450010
33440,24989
33441,10204
33442,25382
33443,280158
33444,24804
33445,280507
33446,288936
33447,288259
33448,279520
33449,288830
33450,9406
33451,288164
33452,23512
33453,280338
33454,298557
33455,36792
33456,23403
33457,297556
33458,287586
33459,289529
33460,299327
33461,450203
33462,280705
33463,298306
33464,298869
33465,280835
33466,279522
33467,298930
33468,35904
33469,289349
33470,298538
33471,23435
33472,25409
33473,36467
33474,280528
33475,8956
33476,24070
33477,289017
33478,37171
33479,10743
33480,8581
33481,289566
33482,36141
33483,298359
33484,10528
33485,299297
33486,299003
33487,298827
33488,280416
33489,452780
33490,10486
33491,281003
33492,279233
33493,279574
33494,24398
33495,279937
33496,450311
33497,10134
33498,24264
33499,297855
33500,36519
33501,449653
33502,298212
33503,10207
33504,279267
33505,288227
33506,9379
33507,280286
33508,8450
33509,10709
33510,280251
33511,280244
33512,25435
33513,9372
33514,10604
33515,288690
33516,23184
33517,287575
33518,10903
33519,280912
33520,449957
33521,24417
33522,36228
33523,280754
33524,35577
33525,37087
33526,298241
33527,288341
33528,25619
33529,24345
33530,9078
33531,299273
33532,287484
33533,10706
33534,11011
33535,297513
33536,453055
33537,298345
33538,280062
33539,453091
33540,279910
33541,23504
33542,279695
33543,280693
33544,23211
33545,449809
33546,298407
33547,36484
33548,8657
33549,297580
33550,298499
33551,23377
33552,289539
33553,279462
33554,279130
33555,298232
33556,280006
33557,449779
33558,450089
33559,23537
33560,10494
33561,298253
33562,23752
33563,9288
33564,280298
33565,280903
33566,280643
33567,24304
33568,452957
33569,450279
33570,298528
33571,9957
33572,10055
33573,279243
33574,288705
33575,9388
33576,452838
33577,452984
33578,280116
33579,288863
33580,297800
33581,25228
33582,25202
33583,8446
33584,453281
33585,449681
33586,289444
33587,9184
33588,37138
33589,297641
33590,9188
33591,9342
33592,8505
33593,289285
33594,23935
33595,25526
33596,299068
33597,11034
33598,280226
33599,24889
33600,299085
33601,279350
33602,37247
33603,9955
33604,288326
33605,288005
33606,24846
33607,280095
33608,453315
33609,299410
33610,287993
33611,287847
33612,9153
33613,25305
33614,25476
33615,279114
33616,288559
33617,36284
33618,288054
33619,287549
33620,288176
33621,287602
33622,9438
33623,35831
33624,289331
33625,299283
33626,297999
33627,35885
33628,453458
33629,289405
33630,287830
33631,297761
33632,288778
33633,297812
33634,288131
33635,10601
33636,36975
33637,279548
33638,279128
33639,288152
33640,35668
33641,25078
33642,450312
33643,24368
33644,288340
33645,297923
33646,280154
33647,452727
33648,8438
33649,288375
33650,35554
33651,24824
33652,25223
33653,452799
33654,288397
33655,25604
33656,288344
33657,10582
33658,279352
33659,288220
33660,36637
33661,9520
33662,288944
33663,36181
33664,24006
33665,299171
33666,36762
33667,9973
33668,298091
33669,450105
33670,452789
33671,35915
33672,279491
33673,25083
33674,453280
33675,10739
33676,297950
33677,453245
33678,25330
33679,24993
33680,452716
33681,24119
33682,24910
33683,23866
33684,23207
33685,299097
33686,24298
33687,35920
33688,280151
33689,10291
33690,37175
33691,37420
33692,25103
33693,35578
33694,25594
33695,24817
33696,23351
33697,24272
33698,23300
33699,287834
33700,36677
33701,11043
33702,450045
33703,8753
33704,10600
33705,36124
33706,279763
33707,298029
33708,23292
33709,453154
33710,449907
33711,298600
33712,449624
33713,35732
33714,37132
33715,280142
33716,9585
33717,280170
33718,280921
33719,9911
33720,24279
33721,452871
33722,449765
33723,289267
33724,288928
33725,37336
33726,9870
33727,297737
33728,36306
33729,8508
33730,280733
33731,23916
33732,280861
33733,23404
33734,23454
33735,298411
33736,25564
33737,299429
33738,23987
33739,288668
33740,297683
33741,9268
33742,288007
33743,10977
33744,453441
33745,298764
33746,25074
33747,36073
33748,289301
33749,36026
33750,298274
33751,35621
33752,36558
33753,10716
33754,289059
33755,10864
33756,279954
33757,288284
33758,287687
33759,452987
33760,299057
33761,36559
33762,289396
33763,298955
33764,298353
33765,297794
33766,280766
33767,297931
33768,25488
33769,24383
33770,450276
33771,24561
33772,9296
33773,287921
33774,452895
33775,24472
33776,9207
33777,35683
33778,37294
33779,280001
33780,11051
33781,9353
33782,8923
33783,280974
33784,37027
33785,453447
33786,37095
33787,36033
33788,453405
33789,10758
33790,287481
33791,24813
33792,450074
33793,297733
33794,23654
33795,279263
33796,10260
33797,298283
33798,9972
33799,9939
33800,8606
33801,8524
33802,289449
33803,299359
33804,23974
33805,453327
33806,36692
33807,36360
33808,298830
33809,36964
33810,453081
33811,35743
33812,288077
33813,289380
33814,450104
33815,23938
33816,9568
33817,449939
33818,288758
33819,23749
33820,287736
33821,289129
33822,9035
33823,452751
33824,298768
33825,24553
33826,280521
33827,288374
33828,449796
33829,279190
33830,281007
33831,9220
33832,287911
33833,288660
33834,24831
33835,25495
33836,287844
33837,25267
33838,279782
33839,8777
33840,23834
33841,298362
33842,299205
33843,288411
33844,23548
33845,280010
33846,25434
33847,298994
33848,287828
33849,280466
33850,299337
33851,289232
33852,10290
33853,9994
33854,37146
33855,279474
33856,289597
33857,279349
33858,23633
33859,449633
33860,9229
33861,289575
33862,23466
33863,289532
33864,10588
33865,450201
33866,279133
33867,9498
33868,36887
33869,279074
33870,288433
33871,25098
33872,35532
33873,453232
33874,10693
33875,9348
33876,9826
33877,23604
33878,25580
33879,299461
33880,37096
33881,24046
33882,8479
33883,297409
33884,298991
33885,10422
33886,453115
33887,10656
33888,450048
33889,279138
33890,453014
33891,280358
33892,36329
33893,10531
33894,298917
33895,37243
33896,24193
33897,287871
33898,279418
33899,288377
33900,453197
33901,9736
33902,279145
33903,298366
33904,24541
33905,23584
33906,279211
33907,25132
33908,298395
33909,24015
33910,24863
33911,280697
33912,8458
33913,9461
33914,8683
33915,289376
33916,25406
33917,288975
33918,287616
33919,36331
33920,288803
33921,280656
33922,8565
33923,289106
33924,24890
33925,36187
33926,24045
33927,298187
33928,35726
33929,452831
33930,298913
33931,280308
33932,280349
33933,36849
33934,10803
33935,287803
33936,36522
33937,25432
33938,37067
33939,23904
33940,37186
33941,10557
33942,10668
33943,450213
33944,279685
33945,36634
33946,23343
33947,288592
33948,37441
33949,289356
33950,452793
33951,298608
33952,11042
33953,280499
33954,9804
33955,280914
33956,287892
33957,449966
33958,10659
33959,297743
33960,36414
33961,288450
33962,8725
33963,10480
33964,279266
33965,280560
33966,298218
33967,288070
33968,289389
33969,289437
33970,450181
33971,452994
33972,36246
33973,298683
33974,37111
33975,288521
33976,298996
33977,8584
33978,23990
33979,8624
33980,289261
33981,36490
33982,23759
33983,8711
33984,287600
33985,279634
33986,36626
33987,279773
33988,297613
33989,8445
33990,452919
33991,288347
33992,280221
33993,279797
33994,279792
33995,23594
33996,35817
33997,452991
33998,37052
33999,23625
34000,36731
34001,10232
34002,23470
34003,24488
34004,8746
34005,11000
34006,24393
34007,279374
34008,449713
34009,288957
34010,36357
34011,8757
34012,297527
34013,299149
34014,298748
34015,452766
34016,298061
34017,10288
34018,35936
34019,23664
34020,299191
34021,449636
34022,449839
34023,287842
34024,279505
34025,297859
34026,280840
34027,288659
34028,10830
34029,9471
34030,280739
34031,299334
34032,9893
34033,288978
34034,25624
34035,23712
34036,25608
34037,299316
34038,449909
34039,298164
34040,23116
34041,289397
34042,10138
34043,299065
34044,453185
34045,8788
34046,298217
34047,35686
34048,8812
34049,280792
34050,298523
34051,288428
34052,36079
34053,25180
34054,24546
34055,288125
34056,298403
34057,36247
34058,287536
34059,10679
34060,35799
34061,280379
34062,297436
34063,453279
34064,453035
34065,10428
34066,298975
34067,9038
34068,299451
34069,8815
34070,23666
34071,8614
34072,8447
34073,299396
34074,280900
34075,288409
34076,452738
34077,279652
34078,9016
34079,37163
34080,35756
34081,280463
34082,24082
34083,288022
34084,288723
34085,287938
34086,452819
34087,297862
34088,280083
34089,298650
34090,279547
34091,279938
34092,8350
34093,287577
34094,279941
34095,288141
34096,24847
34097,288445
34098,297532
34099,288475
34100,37354
34101,289458
34102,36800
34103,8911
34104,287522
34105,452711
34106,10932
34107,297607
34108,279754
34109,9505
34110,288181
34111,279154
34112,298944
34113,297847
34114,449915
34115,36096
34116,10347
34117,280479
34118,453118
34119,8829
34120,9623
34121,25143
34122,24052
34123,9307
34124,9637
34125,36435
34126,24246
34127,298937
34128,8608
34129,36103
34130,23145
34131,289581
34132,24953
34133,449973
34134,298537
34135,281006
34136,25071
34137,35603
34138,450296
34139,8632
34140,297698
34141,24227
34142,299163
34143,297645
34144,449725
34145,280431
34146,23340
34147,297829
34148,9490
34149,8452
34150,289099
34151,25171
34152,8650
34153,23698
34154,279903
34155,10653
34156,10215
34157,24537
34158,449942
34159,289023
34160,279965
34161,279764
34162,37148
34163,35560
34164,10284
34165,9409
34166,298010
34167,9192
34168,25015
34169,449818
34170,297673
34171,297941
34172,280794
34173,279269
34174,452790
34175,36929
34176,287667
34177,453323
34178,298998
34179,10227
34180,288477
34181,453310
34182,37046
34183,289224
34184,23102
34185,25306
34186,36918
34187,279602
34188,297926
34189,35539
34190,36217
34191,35858
34192,9390
34193,23572
34194,453254
34195,298438
34196,298894
34197,23532
34198,37024
34199,288430
34200,298853
34201,298616
34202,288491
34203,450133
34204,9013
34205,298620
34206,35735
34207,280927
34208,8851
34209,287675
34210,289204
34211,280361
34212,297632
34213,298841
34214,279455
34215,289382
34216,280535
34217,37472
34218,288102
34219,24165
34220,36335
34221,289274
34222,298914
34223,288424
34224,23298
34225,8518
34226,36988
34227,288991
34228,10256
34229,299181
34230,288369
34231,10587
34232,280910
34233,36562
34234,23635
34235,453351
34236,279804
34237,279160
34238,9909
34239,10596
34240,298310
34241,298738
34242,23176
34243,287541
34244,288436
34245,287870
34246,23122
34247,450190
34248,298583
34249,23942
34250,287819
34251,297648
34252,24895
34253,297962
34254,37245
34255,35759
34256,287505
34257,287915
34258,36829
34259,37265
34260,453084
34261,288467
34262,288478
34263,9499
34264,23125
34265,298085
34266,35615
34267,289086
34268,279712
34269,288561
34270,279705
34271,299266
34272,279117
34273,288331
34274,453231
34275,279248
34276,35860
34277,36224
34278,297545
34279,297961
34280,11020
34281,289373
34282,298711
34283,8703
34284,453020
34285,289475
34286,10633
34287,23137
34288,10406
34289,297626
34290,8621
34291,297952
34292,450008
34293,280418
34294,24887
34295,23766
34296,452884
34297,280618
34298,287548
34299,36811
34300,289488
34301,297781
34302,453463
34303,299177
34304,298654
34305,287581
34306,10691
34307,449845
34308,297470
34309,297467
34310,298710
34311,23895
34312,37291
34313,449757
34314,299045
34315,23295
34316,279963
34317,35648
34318,36745
34319,279734
34320,25578
34321,25291
34322,289025
34323,452870
34324,36556
34325,37129
34326,297980
34327,287978
34328,298736
34329,279068
34330,298883
34331,280026
34332,36268
34333,280572
34334,23370
34335,280530
34336,23246
34337,452827
34338,287912
34339,288345
34340,25583
34341,288869
34342,37222
34343,288792
34344,287517
34345,298531
34346,24085
34347,25022
34348,24682
34349,9202
34350,298580
34351,23602
34352,280469
34353,450112
34354,25492
34355,23918
34356,297951
34357,8523
34358,10033
34359,288686
34360,25041
34361,36759
34362,10243
34363,23873
34364,36403
34365,297496
34366,24841
34367,10539
34368,298984
34369,289057
34370,8794
34371,289351
34372,8347
34373,453384
34374,289359
34375,23884
34376,298135
34377,297479
34378,23410
34379,10154
34380,10306
34381,8975
34382,25042
34383,298456
34384,450216
34385,8906
34386,279212
34387,288332
34388,288296
34389,452909
34390,9227
34391,453139
34392,450126
34393,297845
34394,23768
34395,287814
34396,449850
34397,280446
34398,279514
34399,24024
34400,299428
34401,450023
34402,37412
34403,298819
34404,24413
34405,279507
34406,24551
34407,25155
34408,453156
34409,288781
34410,9103
34411,298131
34412,24750
34413,299077
34414,279528
34415,9081
34416,10509
34417,24649
34418,36064
34419,9653
34420,24121
34421,298272
34422,298068
34423,25095
34424,24010
34425,35695
34426,9199
34427,299216
34428,298234
34429,298139
34430,24498
34431,35937
34432,298573
34433,287894
34434,288146
34435,289168
34436,280529
34437,35739
34438,449626
34439,450038
34440,24860
34441,35640
34442,289116
34443,280486
34444,289036
34445,297825
34446,453163
34447,279382
34448,288278
34449,280826
34450,299112
34451,36258
34452,289365
34453,8576
34454,288036
34455,297827
34456,280473
34457,25480
34458,36523
34459,288015
34460,287990
34461,36689
34462,280112
34463,449684
34464,24774
34465,10131
34466,287613
34467,9675
34468,288603
34469,23714
34470,23539
34471,280175
34472,36105
34473,287765
34474,288312
34475,35691
34476,10495
34477,36833
34478,36385
34479,24949
34480,9045
34481,299074
34482,450019
34483,9720
34484,23871
34485,36697
34486,10895
34487,298561
34488,10475
34489,10568
34490,280259
34491,10773
34492,298677
34493,280022
34494,297450
34495,289391
34496,10182
34497,9807
34498,23242
34499,10369
34500,24547
34501,288120
34502,299432
34503,36260
34504,288038
34505,9257
34506,453353
34507,24829
34508,280820
34509,287884
34510,37057
34511,297893
34512,288316
34513,25557
34514,23559
34515,35697
34516,9593
34517,25472
34518,24369
34519,453216
34520,279883
34521,279662
34522,36470
34523,288339
34524,36606
34525,9940
34526,24003
34527,289357
34528,24404
34529,279987
34530,280799
34531,280595
34532,8774
34533,289615
34534,35789
34535,287512
34536,299059
34537,289600
34538,9838
34539,288796
34540,37242
34541,9884
34542,450071
34543,279497
34544,24428
34545,298287
34546,37014
34547,287743
34548,24859
34549,9674
34550,288289
34551,279649
34552,289395
34553,287837
34554,288186
34555,288170
34556,280730
34557,9252
34558,288214
34559,8940
34560,450285
34561,10418
34562,9221
34563,9681
34564,25280
34565,298529
34566,299039
34567,36065
34568,36591
34569,8800
34570,298239
34571,450267
34572,9757
34573,289355
34574,449927
34575,299261
34576,280883
34577,279930
34578,24928
34579,24601
34580,10875
34581,24054
34582,450243
34583,10248
34584,9009
34585,24746
34586,280918
34587,10343
34588,36744
34589,9814
34590,8672
34591,36334
34592,288281
34593,25566
34594,36165
34595,298107
34596,452717
34597,450070
34598,36779
34599,288357
34600,10277
34601,289124
34602,298951
34603,36892
34604,280096
34605,10391
34606,280600
34607,24379
34608,299106
34609,25302
34610,449954
34611,298929
34612,288028
34613,36051
34614,37160
34615,298605
34616,450266
34617,299220
34618,288814
34619,24354
34620,280759
34621,25542
34622,23265
34623,24862
34624,36478
34625,36884
34626,23412
34627,25331
34628,9950
34629,23690
34630,280920
34631,35562
34632,35999
34633,279253
34634,288119
34635,36110
34636,288799
34637,23921
34638,288839
34639,24064
34640,450093
34641,9261
34642,288294
34643,25317
34644,299114
34645,8597
34646,299079
34647,449577
34648,298910
34649,289558
34650,10745
34651,36250
34652,299206
34653,288017
34654,279603
34655,288427
34656,25285
34657,23899
34658,10061
34659,10964
34660,280319
34661,36318
34662,8363
34663,280155
34664,35924
34665,9197
34666,288811
34667,288165
34668,279988
34669,299184
34670,280367
34671,287677
34672,299081
34673,449649
34674,297634
34675,299200
34676,288894
34677,37335
34678,37225
34679,449581
34680,298751
34681,24607
34682,279131
34683,280937
34684,9738
34685,288862
34686,297415
34687,24163
34688,8513
34689,299228
34690,9658
34691,453287
34692,449557
34693,36239
34694,23860
34695,288321
34696,37375
34697,10109
34698,36172
34699,10814
34700,36755
34701,9120
34702,23111
34703,23778
34704,36453
34705,10076
34706,297885
34707,297936
34708,10523
34709,25461
34710,10856
34711,279322
34712,36077
34713,279527
34714,287813
34715,24751
34716,23984
34717,298479
34718,10264
34719,297758
34720,9095
34721,24213
34722,280816
34723,10201
34724,23066
34725,453459
34726,280960
34727,287701
34728,288779
34729,279393
34730,298248
34731,23238
34732,36018
34733,287950
34734,36793
34735,287503
34736,9249
34737,24730
34738,9285
34739,288288
34740,453436
34741,37275
34742,9218
34743,10692
34744,36479
34745,10332
34746,35958
34747,449943
34748,280717
34749,287646
34750,10160
34751,24343
34752,37116
34753,25462
34754,299189
34755,10726
34756,23573
34757,280511
34758,23361
34759,36214
34760,24429
34761,279472
34762,37062
34763,450252
34764,279934
34765,24249
34766,24329
34767,11013
34768,287698
34769,24110
34770,35625
34771,9149
34772,279289
34773,9096
34774,9589
34775,36072
34776,36174
34777,288195
34778,298497
34779,297455
34780,297887
34781,36623
34782,452889
34783,287608
34784,8718
34785,8589
34786,288940
34787,297664
34788,453199
34789,8460
34790,36326
34791,431866
34792,432452
34793,406610
34794,402118
34795,411018
34796,431520
34797,431229
34798,412042
34799,407670
34800,407090
34801,406866
34802,432132
34803,411565
34804,402344
34805,411695
34806,427174
34807,426480
34808,427813
34809,405761
34810,403297
34811,432856
34812,430945
34813,428081
34814,432543
34815,411658
34816,422593
34817,411534
34818,406042
34819,422294
34820,410745
34821,427901
34822,432952
34823,412307
34824,433161
34825,427732
34826,411500
34827,431627
34828,411544
34829,402836
34830,427764
34831,405787
34832,411671
34833,432223
34834,407750
34835,407384
34836,432611
34837,411785
34838,432646
34839,406079
34840,432131
34841,407506
34842,412349
34843,427574
34844,433114
34845,422808
34846,410851
34847,423006
34848,407567
34849,422053
34850,428207
34851,407647
34852,422457
34853,422212
34854,407166
34855,431364
34856,406919
34857,402857
34858,403454
34859,431537
34860,427960
34861,432373
34862,432173
34863,432445
34864,427794
34865,411457
34866,432929
34867,432977
34868,406263
34869,422699
34870,411143
34871,406258
34872,411922
34873,427614
34874,428201
34875,406834
34876,403548
34877,432011
34878,402834
34879,406654
34880,406417
34881,426674
34882,406323
34883,407568
34884,427723
34885,403642
34886,406071
34887,411103
34888,432559
34889,402032
34890,411725
34891,427542
34892,432912
34893,410790
34894,426681
34895,427269
34896,410657
34897,422620
34898,426482
34899,405920
34900,427748
34901,426947
34902,422308
34903,427467
34904,432785
34905,432010
34906,423255
34907,411877
34908,406063
34909,432648
34910,423320
34911,407693
34912,432478
34913,403112
34914,406864
34915,427472
34916,403335
34917,422466
34918,403338
34919,431417
34920,422114
34921,431426
34922,422831
34923,412356
34924,431661
34925,431236
34926,423196
34927,402912
34928,411527
34929,405641
34930,411413
34931,432152
34932,403317
34933,427598
34934,405654
34935,426371
34936,431402
34937,432532
34938,407589
34939,407525
34940,411364
34941,422417
34942,427882
34943,407766
34944,431525
34945,407211
34946,430923
34947,426379
34948,427180
34949,411204
34950,431281
34951,426711
34952,402415
34953,426799
34954,423247
34955,406326
34956,406517
34957,432184
34958,422089
34959,432401
34960,402092
34961,412270
34962,431423
34963,431308
34964,412101
34965,402117
34966,406460
34967,432678
34968,406575
34969,422317
34970,411740
34971,410677
34972,427660
34973,407312
34974,432028
34975,406769
34976,402010
34977,407456
34978,410533
34979,411884
34980,405833
34981,402014
34982,402896
34983,406138
34984,426343
34985,432951
34986,402089
34987,431971
34988,406039
34989,423019
34990,428005
34991,423331
34992,403257
34993,406153
34994,402508
34995,407739
34996,407028
34997,422398
34998,427053
34999,431688
35000,423016
35001,422625
35002,432596
35003,427865
35004,402503
35005,411939
35006,402993
35007,405849
35008,411878
35009,426402
35010,427942
35011,403010
35012,412277
35013,433047
35014,407268
35015,411340
35016,422793
35017,432862
35018,407633
35019,402902
35020,402770
35021,402467
35022,431307
35023,432454
35024,406268
35025,432313
35026,402278
35027,411675
35028,422586
35029,428090
35030,432350
35031,411970
35032,431285
35033,403163
35034,426838
35035,426478
35036,406129
35037,432582
35038,410681
35039,412182
35040,427187
35041,422059
35042,411233
35043,430971
35044,427216
35045,402525
35046,412084
35047,427603
35048,431452
35049,411619
35050,431284
35051,410813
35052,402181
35053,426425
35054,403115
35055,407877
35056,432716
35057,428186
35058,432296
35059,411398
35060,426752
35061,423140
35062,430957
35063,402604
35064,411098
35065,411276
35066,402661
35067,422501
35068,402421
35069,422539
35070,422177
35071,406344
35072,427483
35073,406197
35074,427454
35075,402106
35076,403123
35077,422232
35078,407068
35079,432342
35080,423226
35081,431196
35082,426743
35083,406546
35084,423039
35085,427075
35086,406272
35087,431021
35088,422276
35089,411927
35090,410500
35091,433061
35092,422931
35093,411763
35094,406454
35095,403105
35096,407489
35097,431884
35098,427594
35099,403606
35100,411611
35101,422108
35102,411857
35103,430913
35104,406271
35105,403046
35106,411686
35107,407007
35108,431989
35109,405640
35110,433152
35111,426941
35112,422538
35113,407716
35114,406077
35115,431782
35116,432933
35117,432829
35118,423195
35119,427120
35120,403244
35121,407454
35122,411458
35123,427685
35124,432635
35125,430919
35126,427283
35127,422461
35128,431878
35129,411376
35130,407413
35131,406991
35132,422236
35133,402189
35134,407586
35135,433087
35136,422128
35137,407472
35138,402470
35139,406543
35140,426568
35141,402362
35142,431708
35143,403130
35144,422519
35145,427641
35146,407669
35147,433005
35148,402789
35149,403510
35150,411806
35151,410944
35152,411268
35153,411961
35154,427877
35155,432049
35156,412234
35157,427105
35158,427308
35159,422592
35160,426356
35161,426309
35162,428143
35163,410457
35164,427070
35165,402419
35166,423115
35167,428180
35168,422954
35169,431543
35170,427869
35171,431767
35172,407659
35173,422167
35174,411994
35175,405751
35176,422233
35177,431975
35178,406884
35179,406130
35180,406473
35181,403535
35182,405701
35183,431928
35184,432382
35185,411282
35186,403148
35187,422424
35188,432954
35189,406091
35190,407675
35191,431366
35192,426514
35193,411297
35194,427633
35195,406490
35196,422880
35197,402448
35198,406486
35199,411314
35200,432300
35201,422112
35202,407145
35203,427512
35204,405996
35205,411553
35206,422758
35207,427426
35208,410563
35209,432182
35210,426399
35211,422666
35212,427583
35213,407510
35214,432659
35215,406718
35216,406977
35217,407218
35218,406712
35219,411482
35220,422661
35221,412165
35222,423298
35223,431031
35224,426841
35225,406757
35226,432261
35227,426775
35228,403340
35229,423200
35230,410961
35231,422640
35232,406501
35233,431063
35234,432653
35235,406086
35236,407076
35237,422631
35238,407749
35239,431726
35240,411454
35241,403261
35242,427327
35243,422223
35244,432833
35245,432799
35246,403526
35247,406936
35248,412019
35249,423231
35250,402811
35251,422623
35252,406047
35253,426269
35254,406480
35255,407767
35256,403149
35257,427889
35258,428162
35259,405960
35260,427229
35261,405938
35262,403500
35263,410740
35264,433032
35265,422403
35266,422904
35267,402450
35268,412375
35269,406565
35270,432889
35271,428128
35272,422857
35273,427834
35274,422180
35275,411986
35276,406882
35277,431503
35278,402346
35279,407382
35280,431180
35281,432430
35282,433143
35283,433137
35284,411090
35285,422315
35286,431422
35287,431187
35288,431913
35289,403066
35290,427300
35291,427724
35292,432737
35293,403461
35294,407320
35295,422947
35296,433252
35297,432435
35298,426400
35299,402403
35300,403139
35301,406640
35302,412255
35303,431309
35304,405704
35305,411403
35306,407294
35307,427386
35308,433128
35309,426452
35310,406234
35311,431905
35312,403552
35313,402200
35314,402934
35315,428080
35316,406491
35317,406310
35318,402767
35319,426268
35320,411410
35321,431075
35322,422976
35323,427002
35324,410999
35325,406102
35326,426304
35327,431686
35328,410534
35329,406131
35330,405718
35331,432097
35332,431107
35333,411246
35334,411210
35335,412286
35336,432789
35337,410652
35338,403291
35339,402717
35340,405744
35341,433216
35342,405737
35343,412340
35344,403035
35345,403505
35346,403407
35347,427045
35348,427926
35349,407884
35350,431425
35351,411959
35352,402736
35353,431747
35354,432838
35355,406639
35356,433113
35357,406404
35358,426818
35359,423233
35360,423185
35361,402528
35362,407319
35363,405993
35364,405970
35365,426444
35366,427321
35367,431216
35368,426317
35369,402407
35370,430898
35371,422148
35372,426733
35373,431385
35374,426616
35375,426922
35376,432626
35377,402215
35378,422219
35379,431785
35380,432803
35381,432375
35382,405819
35383,403227
35384,433094
35385,402100
35386,426437
35387,422918
35388,422746
35389,431470
35390,432256
35391,406021
35392,422633
35393,431860
35394,411625
35395,403078
35396,405713
35397,431375
35398,411653
35399,402270
35400,405945
35401,432982
35402,431613
35403,406591
35404,426693
35405,402845
35406,422992
35407,432094
35408,405721
35409,402903
35410,410816
35411,422300
35412,422019
35413,412372
35414,432692
35415,412246
35416,433206
35417,403663
35418,403392
35419,422949
35420,431534
35421,410924
35422,427499
35423,426315
35424,432392
35425,422672
35426,431047
35427,411341
35428,431480
35429,427424
35430,431093
35431,406560
35432,433228
35433,405750
35434,402611
35435,411827
35436,431513
35437,406581
35438,427178
35439,406728
35440,406430
35441,431446
35442,433215
35443,403128
35444,426974
35445,411697
35446,431313
35447,433011
35448,406137
35449,431745
35450,412011
35451,402054
35452,432521
35453,406392
35454,405943
35455,432316
35456,426491
35457,402982
35458,427446
35459,432468
35460,402343
35461,412172
35462,422395
35463,411965
35464,431611
35465,412295
35466,426768
35467,402574
35468,427506
35469,432239
35470,407097
35471,403574
35472,402090
35473,410754
35474,411443
35475,427306
35476,407100
35477,405746
35478,402676
35479,402557
35480,426519
35481,426334
35482,406664
35483,410458
35484,422876
35485,432037
35486,402348
35487,407374
35488,432053
35489,405897
35490,410985
35491,407387
35492,426351
35493,403685
35494,407531
35495,422670
35496,402283
35497,430996
35498,403693
35499,405919
35500,427192
35501,406555
35502,427864
35503,407729
35504,407896
35505,412175
35506,407127
35507,427115
35508,433219
35509,431029
35510,407354
35511,427683
35512,430899
35513,407776
35514,406059
35515,426562
35516,410908
35517,432534
35518,431898
35519,432227
35520,411816
35521,411045
35522,403019
35523,422437
35524,431948
35525,433046
35526,402385
35527,406285
35528,422695
35529,402716
35530,405703
35531,407258
35532,407446
35533,431483
35534,412065
35535,427720
35536,403237
35537,403256
35538,428031
35539,430940
35540,422591
35541,433214
35542,427262
35543,426666
35544,423254
35545,406498
35546,427040
35547,431072
35548,422614
35549,426782
35550,412177
35551,422482
35552,427552
35553,428087
35554,406093
35555,427020
35556,432753
35557,403365
35558,432322
35559,405963
35560,423238
35561,407160
35562,411489
35563,428169
35564,431356
35565,427805
35566,428002
35567,406468
35568,411363
35569,407495
35570,405801
35571,431390
35572,423313
35573,422510
35574,411512
35575,403272
35576,402133
35577,431945
35578,431350
35579,407269
35580,432251
35581,407212
35582,422297
35583,403387
35584,411703
35585,405852
35586,407490
35587,411501
35588,427767
35589,407180
35590,433200
35591,406260
35592,410857
35593,403269
35594,422716
35595,427119
35596,431844
35597,411537
35598,411647
35599,431769
35600,406213
35601,422083
35602,411721
35603,406313
35604,426506
35605,427760
35606,426734
35607,432274
35608,402065
35609,422067
35610,431014
35611,405722
35612,403294
35613,433262
35614,431113
35615,402481
35616,403034
35617,411112
35618,431815
35619,411122
35620,411829
35621,410508
35622,410597
35623,422433
35624,407016
35625,412314
35626,406125
35627,433171
35628,407644
35629,402051
35630,407350
35631,423193
35632,402552
35633,422304
35634,407844
35635,406599
35636,410934
35637,402154
35638,423044
35639,411834
35640,406747
35641,402609
35642,412107
35643,410875
35644,406617
35645,427128
35646,407686
35647,422508
35648,433166
35649,406068
35650,402272
35651,431967
35652,423000
35653,426365
35654,402082
35655,403610
35656,411463
35657,432741
35658,432905
35659,410981
35660,411197
35661,422129
35662,426333
35663,433012
35664,426783
35665,431579
35666,433179
35667,406147
35668,402464
35669,412248
35670,406111
35671,412383
35672,430943
35673,406378
35674,427906
35675,423257
35676,411459
35677,426952
35678,407154
35679,406588
35680,431329
35681,407648
35682,432024
35683,431482
35684,427297
35685,402373
35686,426995
35687,432703
35688,422809
35689,423301
35690,407722
35691,426593
35692,428160
35693,427578
35694,427858
35695,428137
35696,422840
35697,406579
35698,407651
35699,402873
35700,431925
35701,422421
35702,405848
35703,423117
35704,405928
35705,422493
35706,432221
35707,406770
35708,432641
35709,422943
35710,433016
35711,427530
35712,426571
35713,411955
35714,410802
35715,406230
35716,432795
35717,432525
35718,410960
35719,411478
35720,427201
35721,422410
35722,426642
35723,403474
35724,407235
35725,431299
35726,427841
35727,410495
35728,411893
35729,402867
35730,402274
35731,422719
35732,433275
35733,411441
35734,410842
35735,426852
35736,422056
35737,433291
35738,432176
35739,427851
35740,406126
35741,426270
35742,432979
35743,422887
35744,422785
35745,402862
35746,402905
35747,407223
35748,412327
35749,406357
35750,430936
35751,422752
35752,433115
35753,432093
35754,411435
35755,426462
35756,432148
35757,407771
35758,402127
35759,402350
35760,402631
35761,431730
35762,432568
35763,406008
35764,406607
35765,422557
35766,406401
35767,432847
35768,426825
35769,431927
35770,406932
35771,411712
35772,432206
35773,427498
35774,410929
35775,410956
35776,427440
35777,431511
35778,405862
35779,432994
35780,402107
35781,427096
35782,432957
35783,410655
35784,427252
35785,406389
35786,402232
35787,402325
35788,423020
35789,410605
35790,411616
35791,422842
35792,426751
35793,407801
35794,407467
35795,426744
35796,407393
35797,422750
35798,406711
35799,427700
35800,426831
35801,412251
35802,431334
35803,431879
35804,427970
35805,431062
35806,410928
35807,431915
35808,432416
35809,410989
35810,407115
35811,427200
35812,426698
35813,403602
35814,422952
35815,427336
35816,426881
35817,422634
35818,407732
35819,431523
35820,432516
35821,406117
35822,407830
35823,403519
35824,431518
35825,402315
35826,431403
35827,433224
35828,407256
35829,423062
35830,428120
35831,402073
35832,402835
35833,403101
35834,422641
35835,403279
35836,422787
35837,432984
35838,422298
35839,432407
35840,411792
35841,407329
35842,412267
35843,406148
35844,412111
35845,427097
35846,422090
35847,426582
35848,423004
35849,407344
35850,405673
35851,431290
35852,432621
35853,407078
35854,411298
35855,428127
35856,402977
35857,402096
35858,431970
35859,432237
35860,406587
35861,427125
35862,406995
35863,403300
35864,412321
35865,406393
35866,405881
35867,422401
35868,427107
35869,427375
35870,407283
35871,412153
35872,427161
35873,403515
35874,411882
35875,427346
35876,402170
35877,406660
35878,406816
35879,423109
35880,412075
35881,402813
35882,426386
35883,432612
35884,426803
35885,406495
35886,405878
35887,402559
35888,426816
35889,431433
35890,427774
35891,431440
35892,406998
35893,432688
35894,422856
35895,407124
35896,427328
35897,426790
35898,411988
35899,406308
35900,402549
35901,431213
35902,403597
35903,422091
35904,406686
35905,422782
35906,423042
35907,427158
35908,426950
35909,432831
35910,430891
35911,431143
35912,432571
35913,411807
35914,427455
35915,431261
35916,431642
35917,407193
35918,407728
35919,427967
35920,405975
35921,411015
35922,402809
35923,426665
35924,406958
35925,423045
35926,411622
35927,411705
35928,431647
35929,427595
35930,411056
35931,427435
35932,407894
35933,402351
35934,427370
35935,411176
35936,423046
35937,432943
35938,427390
35939,431602
35940,407547
35941,431362
35942,433264
35943,431069
35944,411905
35945,422256
35946,402211
35947,426936
35948,402195
35949,410569
35950,402341
35951,428108
35952,432163
35953,411996
35954,406878
35955,407707
35956,426455
35957,411912
35958,432050
35959,432665
35960,403404
35961,427872
35962,430942
35963,431570
35964,431059
35965,422273
35966,407507
35967,412236
35968,402776
35969,406811
35970,411205
35971,426719
35972,426832
35973,427556
35974,407448
35975,432000
35976,431536
35977,412210
35978,403521
35979,403120
35980,431015
35981,406803
35982,422162
35983,427267
35984,431800
35985,403337
35986,407073
35987,428001
35988,426778
35989,427713
35990,411665
35991,407062
35992,407257
35993,405944
35994,411336
35995,406410
35996,403211
35997,422443
35998,426522
35999,405647
36000,430909
36001,406663
36002,402363
36003,432323
36004,402555
36005,402059
36006,431117
36007,406254
36008,411960
36009,431001
36010,427673
36011,427363
36012,406359
36013,423281
36014,406224
36015,412203
36016,426871
36017,407759
36018,406648
36019,427360
36020,426322
36021,427551
36022,410992
36023,406979
36024,426905
36025,422804
36026,402863
36027,428056
36028,411555
36029,403001
36030,407403
36031,427003
36032,422701
36033,411941
36034,406723
36035,406280
36036,405685
36037,410815
36038,411702
36039,407826
36040,407219
36041,432618
36042,426780
36043,406528
36044,432907
36045,422376
36046,426978
36047,406427
36048,433172
36049,422643
36050,405777
36051,411381
36052,406497
36053,423024
36054,432945
36055,432299
36056,432456
36057,403286
36058,405728
36059,410650
36060,422612
36061,423058
36062,402614
36063,412221
36064,431409
36065,426332
36066,427772
36067,412359
36068,427850
36069,422590
36070,422595
36071,403241
36072,411726
36073,412196
36074,426429
36075,403064
36076,431348
36077,405678
36078,431978
36079,411963
36080,411074
36081,427964
36082,403303
36083,412009
36084,431172
36085,433090
36086,406066
36087,407615
36088,403230
36089,405860
36090,407492
36091,426325
36092,432873
36093,422475
36094,407486
36095,403209
36096,427241
36097,411791
36098,422863
36099,411736
36100,406904
36101,428131
36102,426500
36103,407399
36104,432667
36105,411844
36106,426529
36107,432770
36108,402207
36109,431228
36110,432819
36111,411370
36112,411518
36113,407267
36114,405877
36115,403308
36116,405653
36117,407125
36118,407641
36119,431719
36120,433013
36121,402070
36122,426898
36123,412324
36124,411607
36125,411255
36126,432100
36127,412222
36128,410984
36129,427786
36130,410456
36131,426328
36132,422829
36133,422163
36134,432794
36135,426427
36136,430889
36137,402529
36138,422924
36139,407584
36140,406338
36141,410955
36142,407353
36143,406773
36144,431045
36145,402760
36146,427085
36147,410804
36148,412056
36149,422375
36150,406115
36151,427114
36152,412263
36153,432428
36154,406269
36155,402396
36156,405882
36157,410982
36158,403369
36159,403137
36160,422087
36161,432881
36162,407131
36163,403560
36164,403466
36165,407113
36166,432849
36167,431891
36168,405680
36169,403119
36170,411980
36171,402238
36172,406152
36173,432731
36174,432896
36175,411868
36176,411208
36177,431643
36178,423125
36179,402360
36180,426638
36181,427711
36182,405808
36183,406622
36184,422528
36185,411111
36186,405693
36187,426808
36188,430968
36189,431399
36190,432634
36191,431605
36192,407629
36193,433019
36194,402709
36195,431310
36196,422984
36197,427320
36198,427268
36199,407251
36200,431035
36201,422799
36202,411545
36203,431127
36204,412285
36205,422981
36206,411737
36207,432605
36208,402365
36209,431006
36210,402576
36211,410899
36212,410991
36213,407181
36214,422953
36215,412000
36216,427181
36217,407734
36218,428217
36219,402069
36220,412302
36221,405708
36222,403633
36223,427177
36224,427731
36225,432551
36226,411928
36227,422018
36228,406074
36229,427538
36230,432782
36231,427541
36232,405745
36233,427150
36234,427989
36235,412080
36236,428214
36237,402702
36238,407240
36239,426973
36240,407225
36241,402897
36242,410705
36243,431473
36244,412309
36245,405854
36246,403452
36247,402309
36248,422704
36249,427900
36250,406175
36251,432015
36252,432192
36253,406593
36254,407147
36255,426918
36256,402621
36257,423055
36258,406317
36259,403517
36260,402606
36261,402626
36262,431684
36263,406304
36264,432851
36265,402757
36266,407873
36267,426284
36268,411067
36269,410626
36270,427567
36271,411819
36272,403378
36273,431024
36274,427927
36275,407318
36276,407859
36277,403177
36278,426655
36279,427699
36280,407303
36281,423318
36282,405783
36283,432858
36284,422240
36285,407607
36286,427118
36287,406420
36288,431859
36289,406024
36290,402899
36291,403057
36292,422581
36293,431929
36294,432243
36295,405712
36296,407871
36297,407279
36298,432463
36299,426863
36300,432609
36301,423078
36302,411049
36303,406455
36304,431582
36305,406881
36306,430952
36307,422150
36308,403666
36309,423155
36310,407337
36311,422062
36312,430949
36313,427392
36314,406250
36315,427896
36316,426447
36317,426729
36318,431091
36319,411550
36320,432235
36321,406826
36322,411337
36323,431323
36324,422448
36325,426578
36326,406521
36327,422172
36328,402449
36329,405895
36330,427240
36331,427529
36332,431669
36333,410656
36334,411853
36335,432683
36336,405740
36337,405643
36338,433110
36339,411633
36340,402237
36341,428227
36342,407594
36343,427888
36344,411786
36345,412265
36346,432393
36347,406557
36348,406487
36349,406994
36350,431025
36351,426776
36352,407787
36353,431237
36354,432089
36355,406778
36356,410933
36357,410817
36358,407370
36359,403482
36360,410793
36361,432229
36362,403087
36363,422841
36364,412135
36365,431195
36366,427706
36367,402766
36368,410443
36369,433100
36370,405724
36371,405767
36372,411863
36373,411301
36374,426555
36375,407735
36376,428173
36377,407837
36378,402087
36379,403131
36380,411034
36381,403009
36382,427296
36383,432214
36384,431811
36385,402961
36386,410958
36387,410763
36388,423097
36389,431900
36390,432581
36391,402854
36392,411148
36393,402924
36394,423113
36395,431320
36396,423029
36397,422209
36398,432827
36399,402482
36400,403601
36401,431910
36402,427536
36403,412244
36404,432537
36405,412275
36406,402954
36407,406156
36408,403555
36409,423210
36410,432946
36411,422142
36412,407321
36413,426828
36414,426489
36415,423053
36416,402567
36417,427264
36418,432055
36419,422935
36420,431085
36421,427695
36422,412083
36423,426889
36424,432071
36425,427224
36426,405859
36427,432624
36428,411818
36429,410602
36430,407637
36431,433177
36432,432178
36433,410860
36434,403325
36435,427082
36436,406650
36437,403239
36438,403469
36439,432213
36440,423166
36441,402224
36442,431753
36443,427473
36444,422176
36445,405658
36446,426737
36447,405752
36448,407436
36449,431289
36450,428206
36451,427956
36452,406032
36453,431277
36454,407592
36455,426888
36456,426809
36457,406189
36458,422467
36459,427734
36460,405739
36461,403091
36462,406697
36463,406257
36464,412138
36465,407842
36466,422970
36467,402840
36468,407215
36469,402049
36470,427950
36471,407226
36472,402459
36473,410540
36474,411495
36475,431924
36476,427821
36477,427697
36478,411969
36479,427844
36480,427873
36481,432869
36482,431358
36483,432671
36484,422712
36485,427911
36486,402946
36487,431683
36488,422983
36489,410671
36490,403282
36491,427722
36492,412058
36493,430978
36494,432921
36495,406879
36496,406383
36497,411915
36498,410963
36499,411802
36500,431805
36501,422084
36502,431653
36503,406034
36504,422706
36505,433001
36506,426421
36507,431664
36508,411481
36509,422818
36510,407355
36511,426398
36512,402878
36513,402458
36514,422988
36515,411013
36516,410713
36517,403432
36518,403033
36519,422154
36520,406405
36521,402381
36522,431497
36523,402696
36524,402936
36525,406569
36526,403299
36527,431292
36528,402367
36529,403458
36530,426857
36531,422055
36532,431315
36533,427248
36534,422780
36535,402911
36536,427762
36537,407422
36538,431801
36539,405762
36540,426305
36541,411679
36542,411685
36543,427195
36544,423271
36545,427800
36546,431818
36547,406553
36548,406182
36549,431355
36550,403357
36551,433235
36552,405989
36553,422609
36554,403525
36555,426360
36556,410623
36557,426274
36558,402962
36559,412096
36560,422803
36561,407566
36562,407453
36563,433159
36564,427558
36565,411828
36566,427878
36567,428020
36568,403546
36569,403319
36570,427157
36571,411515
36572,407581
36573,431065
36574,427031
36575,402441
36576,432306
36577,431283
36578,426303
36579,428045
36580,432210
36581,423127
36582,427190
36583,406978
36584,432877
36585,402849
36586,432043
36587,427007
36588,402345
36589,405656
36590,406325
36591,402083
36592,412306
36593,427254
36594,427130
36595,423251
36596,403431
36597,403374
36598,428140
36599,405951
36600,426717
36601,426798
36602,411387
36603,407688
36604,402479
36605,406541
36606,427111
36607,432673
36608,402585
36609,412343
36610,407017
36611,402227
36612,407431
36613,403245
36614,412216
36615,432019
36616,432514
36617,426834
36618,431641
36619,428048
36620,402254
36621,431053
36622,426554
36623,427591
36624,426883
36625,411228
36626,422050
36627,411926
36628,402632
36629,411563
36630,411891
36631,423047
36632,402605
36633,405805
36634,406262
36635,431360
36636,412204
36637,410845
36638,431374
36639,427165
36640,403664
36641,426375
36642,406772
36643,428199
36644,405682
36645,406502
36646,432680
36647,407122
36648,403356
36649,411883
36650,410601
36651,433134
36652,422194
36653,406319
36654,432539
36655,431595
36656,403362
36657,432996
36658,405791
36659,406362
36660,406057
36661,431696
36662,411823
36663,427757
36664,432113
36665,426648
36666,403698
36667,427829
36668,423152
36669,411431
36670,423252
36671,431750
36672,403556
36673,422588
36674,407432
36675,411256
36676,431752
36677,411856
36678,426766
36679,406615
36680,411452
36681,427209
36682,406700
36683,402814
36684,411532
36685,406033
36686,427398
36687,428009
36688,402088
36689,431951
36690,422547
36691,402500
36692,426700
36693,411072
36694,406694
36695,431204
36696,431190
36697,410514
36698,422309
36699,406520
36700,403622
36701,432622
36702,431319
36703,431881
36704,422558
36705,431540
36706,422548
36707,410789
36708,406752
36709,422144
36710,431472
36711,412316
36712,412351
36713,432362
36714,427281
36715,403135
36716,423063
36717,433258
36718,403178
36719,402691
36720,431368
36721,403375
36722,432967
36723,432523
36724,403141
36725,412243
36726,402484
36727,406053
36728,402382
36729,410476
36730,426749
36731,402389
36732,431262
36733,422027
36734,432784
36735,422016
36736,410503
36737,427493
36738,432357
36739,406625
36740,427140
36741,412108
36742,407595
36743,431897
36744,427227
36745,412066
36746,433085
36747,403068
36748,426345
36749,407009
36750,406830
36751,426430
36752,406009
36753,403116
36754,427646
36755,427987
36756,428057
36757,402497
36758,431300
36759,423036
36760,405863
36761,403140
36762,410959
36763,433289
36764,411890
36765,406360
36766,426990
36767,432174
36768,402860
36769,427874
36770,423328
36771,433241
36772,402456
36773,432084
36774,422788
36775,431428
36776,422311
36777,411060
36778,411020
36779,403219
36780,406828
36781,402636
36782,426781
36783,432652
36784,403481
36785,428059
36786,403558
36787,427827
36788,426358
36789,432894
36790,412360
36791,411972
36792,403421
36793,433285
36794,406796
36795,406887
36796,407342
36797,407795
36798,403557
36799,422749
36800,402511
36801,410552
36802,431852
36803,430972
36804,402280
36805,410648
36806,428022
36807,432837
36808,405802
36809,403186
36810,427690
36811,407805
36812,426474
36813,427301
36814,426802
36815,412128
36816,407071
36817,403653
36818,407292
36819,407785
36820,432291
36821,405719
36822,406083
36823,433086
36824,411373
36825,402490
36826,405684
36827,406900
36828,427019
36829,403072
36830,422431
36831,423040
36832,427351
36833,427198
36834,403401
36835,426435
36836,432660
36837,427205
36838,427678
36839,405774
36840,402541
36841,407841
36842,403684
36843,431478
36844,426667
36845,411582
36846,427534
36847,422166
36848,431654
36849,402286
36850,431645
36851,403079
36852,432107
36853,407152
36854,431786
36855,433003
36856,428171
36857,427362
36858,406172
36859,407336
36860,402521
36861,411461
36862,407756
36863,403258
36864,411285
36865,426819
36866,431798
36867,431963
36868,422616
36869,431670
36870,406396
36871,426372
36872,412094
36873,422490
36874,403701
36875,431367
36876,431104
36877,428153
36878,412026
36879,410773
36880,427804
36881,432672
36882,422153
36883,427961
36884,433027
36885,432589
36886,402758
36887,410596
36888,411211
36889,406623
36890,427628
36891,422795
36892,432853
36893,410863
36894,426446
36895,407165
36896,407794
36897,412240
36898,422819
36899,402930
36900,403436
36901,422022
36902,403419
36903,432498
36904,410903
36905,411789
36906,432092
36907,428021
36908,431083
36909,426581
36910,403626
36911,432312
36912,407761
36913,426964
36914,431501
36915,405846
36916,431621
36917,406725
36918,431321
36919,422977
36920,431175
36921,403690
36922,427023
36923,403129
36924,431342
36925,433282
36926,423192
36927,432658
36928,432783
36929,410542
36930,411546
36931,402098
36932,405958
36933,411325
36934,407640
36935,411394
36936,411343
36937,407074
36938,407858
36939,426829
36940,403171
36941,422846
36942,412333
36943,431252
36944,406155
36945,402178
36946,411722
36947,402578
36948,407126
36949,431130
36950,403296
36951,427802
36952,431051
36953,423211
36954,432399
36955,407543
36956,407572
36957,427247
36958,422093
36959,428223
36960,427983
36961,402593
36962,432874
36963,403025
36964,431863
36965,427763
36966,432303
36967,430979
36968,406758
36969,410684
36970,402932
36971,422766
36972,407757
36973,410574
36974,431872
36975,431508
36976,402684
36977,432255
36978,431370
36979,423325
36980,427836
36981,428094
36982,422328
36983,423083
36984,431587
36985,432154
36986,411392
36987,405637
36988,430963
36989,422038
36990,411804
36991,406730
36992,427559
36993,412002
36994,410894
36995,432177
36996,411031
36997,433039
36998,407155
36999,426701
37000,407835
37001,427809
37002,432844
37003,411227
37004,428026
37005,406087
37006,403529
37007,427292
37008,406926
37009,431984
37010,423295
37011,406022
37012,405935
37013,406183
37014,422911
37015,423100
37016,433209
37017,426382
37018,406831
37019,431389
37020,410768
37021,403576
37022,423314
37023,411710
37024,411142
37025,407286
37026,428226
37027,432023
37028,410632
37029,403485
37030,410796
37031,426919
37032,431443
37033,426348
37034,431982
37035,432169
37036,402906
37037,428104
37038,405733
37039,411982
37040,426943
37041,403456
37042,410751
37043,433176
37044,403113
37045,402535
37046,402264
37047,427193
37048,411837
37049,428114
37050,410450
37051,423273
37052,403252
37053,427932
37054,427645
37055,422272
37056,427048
37057,431156
37058,403202
37059,411405
37060,432909
37061,405696
37062,412322
37063,402505
37064,407690
37065,407681
37066,426418
37067,403537
37068,405903
37069,433234
37070,412037
37071,407157
37072,432446
37073,412242
37074,402053
37075,423208
37076,407511
37077,402514
37078,428024
37079,402728
37080,423139
37081,422821
37082,432102
37083,410990
37084,431557
37085,422102
37086,422995
37087,411309
37088,412171
37089,406154
37090,411541
37091,406833
37092,432669
37093,426723
37094,422744
37095,422469
37096,423300
37097,402411
37098,427144
37099,431851
37100,431354
37101,411466
37102,402478
37103,427051
37104,407751
37105,422932
37106,403445
37107,406012
37108,432747
37109,407701
37110,411486
37111,432238
37112,422503
37113,406963
37114,406456
37115,403285
37116,407565
37117,426312
37118,402026
37119,411157
37120,430961
37121,410870
37122,431461
37123,432684
37124,406968
37125,422796
37126,405806
37127,411799
37128,422594
37129,422837
37130,422290
37131,412341
37132,412017
37133,427093
37134,412313
37135,433146
37136,403437
37137,407026
37138,410812
37139,427905
37140,402242
37141,427090
37142,407741
37143,406892
37144,406644
37145,407192
37146,402817
37147,411991
37148,426327
37149,428168
37150,406630
37151,402397
37152,422879
37153,427952
37154,410986
37155,411608
37156,411682
37157,411192
37158,426687
37159,406483
37160,411973
37161,426934
37162,422155
37163,406096
37164,403619
37165,406330
37166,411239
37167,427649
37168,432613
37169,422642
37170,432763
37171,433164
37172,410848
37173,403170
37174,427708
37175,426276
37176,412218
37177,407156
37178,427656
37179,431999
37180,407886
37181,405880
37182,411850
37183,427055
37184,432191
37185,411178
37186,422369
37187,427510
37188,422200
37189,423270
37190,411729
37191,406791
37192,427503
37193,403531
37194,406937
37195,411866
37196,410904
37197,406797
37198,431016
37199,407591
37200,411731
37201,412063
37202,431340
37203,431474
37204,426916
37205,423001
37206,426520
37207,431012
37208,412186
37209,411283
37210,422134
37211,433126
37212,430922
37213,403224
37214,423304
37215,427484
37216,407195
37217,403497
37218,431762
37219,407556
37220,411836
37221,428221
37222,407891
37223,403313
37224,422613
37225,402033
37226,406851
37227,432866
37228,427982
37229,410799
37230,402916
37231,410840
37232,402819
37233,426508
37234,422535
37235,432569
37236,431162
37237,407194
37238,422958
37239,431882
37240,411027
37241,427623
37242,406983
37243,402077
37244,427366
37245,426745
37246,431429
37247,406957
37248,431088
37249,422440
37250,428029
37251,422639
37252,402769
37253,432813
37254,405690
37255,410949
37256,427036
37257,407809
37258,428144
37259,407796
37260,402426
37261,411937
37262,423289
37263,427555
37264,431010
37265,426453
37266,403216
37267,407109
37268,432752
37269,422098
37270,405788
37271,433218
37272,403652
37273,406519
37274,427182
37275,403691
37276,406949
37277,403018
37278,431917
37279,427080
37280,402061
37281,423043
37282,402182
37283,427693
37284,422325
37285,433283
37286,427938
37287,410511
37288,402837
37289,423025
37290,433076
37291,412150
37292,402247
37293,432044
37294,422217
37295,427579
37296,432917
37297,411523
37298,431489
37299,432988
37300,427665
37301,422945
37302,410829
37303,426695
37304,410645
37305,427132
37306,406351
37307,432496
37308,407715
37309,402592
37310,431843
37311,412338
37312,422989
37313,402239
37314,410470
37315,402216
37316,406612
37317,402318
37318,407698
37319,427570
37320,407642
37321,433049
37322,411303
37323,426314
37324,422372
37325,422100
37326,432723
37327,402471
37328,403231
37329,406348
37330,430995
37331,428179
37332,407391
37333,405807
37334,406194
37335,432999
37336,422523
37337,406358
37338,411215
37339,431404
37340,423312
37341,422092
37342,407277
37343,427990
37344,427969
37345,431288
37346,431434
37347,411225
37348,412283
37349,411984
37350,422263
37351,422870
37352,406699
37353,426460
37354,402522
37355,423202
37356,432676
37357,433217
37358,411895
37359,427029
37360,432205
37361,410707
37362,427893
37363,431241
37364,407221
37365,402951
37366,431498
37367,412228
37368,426501
37369,422801
37370,423067
37371,407471
37372,432675
37373,428036
37374,407102
37375,433290
37376,402438
37377,406050
37378,432906
37379,423120
37380,427417
37381,426868
37382,432232
37383,403397
37384,402044
37385,428101
37386,426361
37387,426603
37388,402423
37389,402938
37390,426862
37391,431509
37392,406467
37393,407521
37394,427825
37395,407250
37396,423177
37397,427948
37398,431619
37399,423164
37400,407865
37401,407341
37402,407149
37403,422058
37404,426414
37405,422678
37406,431411
37407,422889
37408,405957
37409,411678
37410,432209
37411,423178
37412,431599
37413,411269
37414,431751
37415,412345
37416,428097
37417,402040
37418,410869
37419,426618
37420,422646
37421,410901
37422,403276
37423,403679
37424,426763
37425,427676
37426,427522
37427,406738
37428,402125
37429,411886
37430,410567
37431,406470
37432,422268
37433,422313
37434,406708
37435,411832
37436,422283
37437,422521
37438,406494
37439,402738
37440,431060
37441,403363
37442,431343
37443,410675
37444,411198
37445,411609
37446,427021
37447,428006
37448,432246
37449,406386
37450,410509
37451,410828
37452,423230
37453,427629
37454,422635
37455,427547
37456,411592
37457,427640
37458,422753
37459,431017
37460,402321
37461,406472
37462,406534
37463,403471
37464,427943
37465,431265
37466,407158
37467,431707
37468,406240
37469,432751
37470,403333
37471,407365
37472,422940
37473,405858
37474,406604
37475,402810
37476,412174
37477,422473
37478,410988
37479,423074
37480,406035
37481,427650
37482,431850
37483,422336
37484,403379
37485,402783
37486,406691
37487,406858
37488,406542
37489,406946
37490,403082
37491,406921
37492,422081
37493,406084
37494,432815
37495,433057
37496,406303
37497,431911
37498,427468
37499,402372
37500,432693
37501,411605
37502,402654
37503,427639
37504,432014
37505,411477
37506,431618
37507,407368
37508,406376
37509,407714
37510,432937
37511,433073
37512,426965
37513,432776
37514,407496
37515,432740
37516,411656
37517,431778
37518,422160
37519,406944
37520,426368
37521,427751
37522,410739
37523,432427
37524,410910
37525,403336
37526,426287
37527,410565
37528,426465
37529,426664
37530,427134
37531,412224
37532,410967
37533,406945
37534,430894
37535,405717
37536,403165
37537,406606
37538,410935
37539,402644
37540,403681
37541,407614
37542,422446
37543,426259
37544,407587
37545,407806
37546,423149
37547,403628
37548,407306
37549,422578
37550,407407
37551,406996
37552,410447
37553,402921
37554,426442
37555,427749
37556,423146
37557,432374
37558,406771
37559,431441
37560,422329
37561,422470
37562,402649
37563,431764
37564,411080
37565,432743
37566,412127
37567,426935
37568,411743
37569,402501
37570,426636
37571,432522
37572,412025
37573,422820
37574,412198
37575,402030
37576,403643
37577,402374
37578,422900
37579,407718
37580,402634
37581,402714
37582,403005
37583,431050
37584,432222
37585,427543
37586,427745
37587,427260
37588,422798
37589,406508
37590,406589
37591,427607
37592,427381
37593,402843
37594,431590
37595,406482
37596,422277
37597,427258
37598,403175
37599,411711
37600,432711
37601,428220
37602,406168
37603,403147
37604,411315
37605,402671
37606,407625
37607,431663
37608,410489
37609,431679
37610,427421
37611,402861
37612,402658
37613,432112
37614,402143
37615,427027
37616,431254
37617,411603
37618,402583
37619,410441
37620,405890
37621,430903
37622,422775
37623,402617
37624,431703
37625,431938
37626,427895
37627,431620
37628,432898
37629,403144
37630,402971
37631,402408
37632,405976
37633,422626
37634,406411
37635,422653
37636,431631
37637,431493
37638,422096
37639,407548
37640,410977
37641,411805
37642,410784
37643,422764
37644,406281
37645,403687
37646,410523
37647,422179
37648,402024
37649,427184
37650,428061
37651,412199
37652,432301
37653,410925
37654,426575
37655,403164
37656,427682
37657,422078
37658,406090
37659,432360
37660,431189
37661,410545
37662,426917
37663,427136
37664,411855
37665,430950
37666,412053
37667,433089
37668,406724
37669,432766
37670,411166
37671,407406
37672,406081
37673,431037
37674,403233
37675,431637
37676,411263
37677,422971
37678,431780
37679,405901
37680,407530
37681,403645
37682,427010
37683,412060
37684,410827
37685,427073
37686,426286
37687,432421
37688,407883
37689,428202
37690,412190
37691,431052
37692,427616
37693,428058
37694,427439
37695,406848
37696,427153
37697,411954
37698,431554
37699,407712
37700,427521
37701,405925
37702,412147
37703,405840
37704,422850
37705,410670
37706,422553
37707,426301
37708,432565
37709,402161
37710,422944
37711,402091
37712,431741
37713,405995
37714,427481
37715,410587
37716,407605
37717,411345
37718,432185
37719,432545
37720,407811
37721,431638
37722,412055
37723,402844
37724,432354
37725,407650
37726,432047
37727,431662
37728,402865
37729,433230
37730,407132
37731,407159
37732,431584
37733,406353
37734,428159
37735,405987
37736,402359
37737,411083
37738,427415
37739,427101
37740,426890
37741,433119
37742,406760
37743,426373
37744,406535
37745,403232
37746,431768
37747,410777
37748,402451
37749,433175
37750,431706
37751,411174
37752,411892
37753,402798
37754,426596
37755,405913
37756,426647
37757,405893
37758,410780
37759,402724
37760,411561
37761,427361
37762,411935
37763,426483
37764,433256
37765,431640
37766,431682
37767,423170
37768,406451
37769,402917
37770,433194
37771,432288
37772,410595
37773,406802
37774,422119
37775,410573
37776,410666
37777,406792
37778,428176
37779,422305
37780,431817
37781,407703
37782,427471
37783,406874
37784,433189
37785,407866
37786,430906
37787,407772
37788,431603
37789,402900
37790,426712
37791,402942
37792,407347
37793,411576
37794,422534
37795,422541
37796,427460
37797,422178
37798,407367
37799,422951
37800,403376
37801,426313
37802,422713
37803,430985
37804,411637
37805,432867
37806,403264
37807,407112
37808,403106
37809,431044
37810,402020
37811,433154
37812,411888
37813,422828
37814,427315
37815,432900
37816,402018
37817,431279
37818,422778
37819,431608
37820,433075
37821,405753
37822,427806
37823,411101
37824,431242
37825,411104
37826,427533
37827,410850
37828,406628
37829,426842
37830,411747
37831,428076
37832,410682
37833,432413
37834,432183
37835,423131
37836,406602
37837,403433
37838,405716
37839,431476
37840,406076
37841,406003
37842,406529
37843,423201
37844,423165
37845,430937
37846,432383
37847,432060
37848,407513
37849,410581
37850,427211
37851,422374
37852,411655
37853,402509
37854,426271
37855,427608
37856,431864
37857,427255
37858,423310
37859,411617
37860,431219
37861,407022
37862,411894
37863,426475
37864,411184
37865,431055
37866,422406
37867,406139
37868,422873
37869,432940
37870,432884
37871,422861
37872,432187
37873,406893
37874,411266
37875,410541
37876,412250
37877,407046
37878,427753
37879,406750
37880,406885
37881,407828
37882,427009
37883,426997
37884,431160
37885,403176
37886,406109
37887,402291
37888,412148
37889,403358
37890,411243
37891,411867
37892,407818
37893,427617
37894,406989
37895,431032
37896,431734
37897,432030
37898,407209
37899,407398
37900,410785
37901,405868
37902,411061
37903,412339
37904,411693
37905,412353
37906,427217
37907,407380
37908,432595
37909,403612
37910,402301
37911,427817
37912,407167
37913,407420
37914,411202
37915,412344
37916,407643
37917,407288
37918,411672
37919,431457
37920,406721
37921,403097
37922,411356
37923,422675
37924,406432
37925,402078
37926,432150
37927,431985
37928,426630
37929,427433
37930,422909
37931,406439
37932,411449
37933,422021
37934,403292
37935,403403
37936,402086
37937,403234
37938,406124
37939,422789
37940,406440
37941,422683
37942,405847
37943,432664
37944,426401
37945,432225
37946,426467
37947,428138
37948,422195
37949,406276
37950,411750
37951,411549
37952,427840
37953,410932
37954,406347
37955,432485
37956,431295
37957,431681
37958,431276
37959,422589
37960,410668
37961,432194
37962,422436
37963,422650
37964,427826
37965,406785
37966,422412
37967,406652
37968,407853
37969,405695
37970,405729
37971,412137
37972,407264
37973,402752
37974,407129
37975,422513
37976,427897
37977,403322
37978,432475
37979,402507
37980,427691
37981,407779
37982,402704
37983,432426
37984,406489
37985,432104
37986,411899
37987,405910
37988,411037
37989,426486
37990,412144
37991,411673
37992,432681
37993,432179
37994,410698
37995,426622
37996,406897
37997,431164
37998,411859
37999,406914
38000,406095
38001,412329
38002,411247
38003,426906
38004,407797
38005,402288
38006,411552
38007,432808
38008,428165
38009,403493
38010,431064
38011,427103
38012,402124
38013,422522
38014,402472
38015,431939
38016,427727
38017,411543
38018,433208
38019,422380
38020,402796
38021,431979
38022,405732
38023,402368
38024,426896
38025,431019
38026,422606
38027,426844
38028,410544
38029,412176
38030,406106
38031,427496
38032,428118
38033,411455
38034,411095
38035,402223
38036,407105
38037,426875
38038,406239
38039,410643
38040,433093
38041,402561
38042,422063
38043,411526
38044,406985
38045,411529
38046,405705
38047,402652
38048,426353
38049,426986
38050,431094
38051,402153
38052,426685
38053,402806
38054,412159
38055,412183
38056,433021
38057,407363
38058,406422
38059,402515
38060,407072
38061,403194
38062,428109
38063,422999
38064,431566
38065,422893
38066,422996
38067,427412
38068,410916
38069,406544
38070,432346
38071,433150
38072,406069
38073,403060
38074,426789
38075,431155
38076,426369
38077,430976
38078,431071
38079,410795
38080,410572
38081,403636
38082,427273
38083,411947
38084,411107
38085,427470
38086,402822
38087,403600
38088,426960
38089,426419
38090,426566
38091,427001
38092,423190
38093,426677
38094,407208
38095,403470
38096,411590
38097,411311
38098,426295
38099,406578
38100,432450
38101,426835
38102,423101
38103,412202
38104,428209
38105,433035
38106,406719
38107,426635
38108,412180
38109,411794
38110,431855
38111,410782
38112,411451
38113,427420
38114,431700
38115,410661
38116,422524
38117,402491
38118,426673
38119,403559
38120,407576
38121,426982
38122,431777
38123,405876
38124,411429
38125,426310
38126,422897
38127,427944
38128,406577
38129,432687
38130,427138
38131,411669
38132,410750
38133,407577
38134,402978
38135,402772
38136,406207
38137,426587
38138,431056
38139,423186
38140,406902
38141,402488
38142,402968
38143,422830
38144,402565
38145,432804
38146,407058
38147,411294
38148,407297
38149,406668
38150,410868
38151,427586
38152,402475
38153,406423
38154,410603
38155,402952
38156,412028
38157,426505
38158,406146
38159,402371
38160,406647
38161,407477
38162,431622
38163,407042
38164,422655
38165,405727
38166,402328
38167,407673
38168,432663
38169,407052
38170,431988
38171,410801
38172,411415
38173,426307
38174,422296
38175,406854
38176,406098
38177,402043
38178,427423
38179,427962
38180,406913
38181,411934
38182,402226
38183,431841
38184,431463
38185,426565
38186,402744
38187,422378
38188,406292
38189,433066
38190,422326
38191,406627
38192,423172
38193,432775
38194,402206
38195,422698
38196,427565
38197,406253
38198,431208
38199,411290
38200,428018
38201,407151
38202,407539
38203,422702
38204,432465
38205,422848
38206,407349
38207,428188
38208,426837
38209,412029
38210,411180
38211,403280
38212,427790
38213,407276
38214,422520
38215,433044
38216,426933
38217,407663
38218,426594
38219,427289
38220,422034
38221,402330
38222,422867
38223,426873
38224,403670
38225,427279
38226,410604
38227,427696
38228,411530
38229,410487
38230,403228
38231,411456
38232,426641
38233,406145
38234,422060
38235,402918
38236,402392
38237,431698
38238,433203
38239,422373
38240,407066
38241,426280
38242,406424
38243,402163
38244,431325
38245,427154
38246,407745
38247,427532
38248,432159
38249,407024
38250,427102
38251,405914
38252,410466
38253,410592
38254,431073
38255,432948
38256,431401
38257,411055
38258,431576
38259,426901
38260,422665
38261,403349
38262,406100
38263,427668
38264,406736
38265,432126
38266,403289
38267,411503
38268,432710
38269,412059
38270,403039
38271,410792
38272,407845
38273,410449
38274,407627
38275,410662
38276,433240
38277,427475
38278,426727
38279,410907
38280,402727
38281,426942
38282,427986
38283,411217
38284,426827
38285,423124
38286,411730
38287,423249
38288,422734
38289,431558
38290,427127
38291,431191
38292,423023
38293,411248
38294,427210
38295,432502
38296,403352
38297,402627
38298,406620
38299,433271
38300,422111
38301,407039
38302,410832
38303,432441
38304,410532
38305,431220
38306,431145
38307,412262
38308,432106
38309,431193
38310,406184
38311,406586
38312,406458
38313,411186
38314,405885
38315,402099
38316,431123
38317,410923
38318,427692
38319,432091
38320,410951
38321,403429
38322,407206
38323,411535
38324,432511
38325,432638
38326,432412
38327,423160
38328,406704
38329,432046
38330,427808
38331,422760
38332,427282
38333,422104
38334,412379
38335,411723
38336,431573
38337,402056
38338,432109
38339,431727
38340,426495
38341,402130
38342,422416
38343,412273
38344,403623
38345,427799
38346,426840
38347,433239
38348,407856
38349,428112
38350,431772
38351,432252
38352,405652
38353,428122
38354,430948
38355,422847
38356,403274
38357,407359
38358,410847
38359,422566
38360,402176
38361,431633
38362,406808
38363,427206
38364,405782
38365,433274
38366,406682
38367,431993
38368,410844
38369,411349
38370,402699
38371,427405
38372,402173
38373,411538
38374,422504
38375,432270
38376,427859
38377,406210
38378,426761
38379,422365
38380,426376
38381,403695
38382,431502
38383,406696
38384,426600
38385,432637
38386,405779
38387,432036
38388,410974
38389,430927
38390,431357
38391,407141
38392,403593
38393,412357
38394,411147
38395,432448
38396,422540
38397,432597
38398,422745
38399,411332
38400,410709
38401,407552
38402,402732
38403,430910
38404,407392
38405,426302
38406,410970
38407,427544
38408,427050
38409,422211
38410,431966
38411,403361
38412,402204
38413,432542
38414,406810
38415,402725
38416,402097
38417,422817
38418,427626
38419,422086
38420,423092
38421,407035
38422,411548
38423,410474
38424,427637
38425,412035
38426,411889
38427,410701
38428,402313
38429,402524
38430,423005
38431,427500
38432,428067
38433,427316
38434,402804
38435,402635
38436,426634
38437,406485
38438,430930
38439,403003
38440,411567
38441,426944
38442,402761
38443,422314
38444,422649
38445,411323
38446,405850
38447,407541
38448,405869
38449,427453
38450,410452
38451,406635
38452,422662
38453,411402
38454,426477
38455,412130
38456,403457
38457,402698
38458,426822
38459,427088
38460,411024
38461,427341
38462,403142
38463,411224
38464,407248
38465,432757
38466,411292
38467,426433
38468,422442
38469,426377
38470,432507
38471,405900
38472,407875
38473,406101
38474,432734
38475,431871
38476,411484
38477,411652
38478,427445
38479,402655
38480,431245
38481,407417
38482,426996
38483,426923
38484,422728
38485,406821
38486,405768
38487,406444
38488,431774
38489,426459
38490,411338
38491,432064
38492,405864
38493,422906
38494,431451
38495,402486
38496,428113
38497,433078
38498,405679
38499,426878
38500,403572
38501,422656
38502,422484
38503,431822
38504,403235
38505,410694
38506,423156
38507,427207
38508,431846
38509,411159
38510,405948
38511,410629
38512,426874
38513,407824
38514,427257
38515,410473
38516,407598
38517,412235
38518,407069
38519,407143
38520,411803
38521,426484
38522,422727
38523,422197
38524,410965
38525,431781
38526,410719
38527,403183
38528,402317
38529,406322
38530,411776
38531,431667
38532,402964
38533,411790
38534,426498
38535,422061
38536,427880
38537,402731
38538,412292
38539,411169
38540,411209
38541,422196
38542,427253
38543,422474
38544,431039
38545,427251
38546,426494
38547,432197
38548,431381
38549,427116
38550,422505
38551,407040
38552,405842
38553,423017
38554,403573
38555,427083
38556,407528
38557,410501
38558,405921
38559,403196
38560,422205
38561,432852
38562,412366
38563,412163
38564,406787
38565,406192
38566,422462
38567,427092
38568,422125
38569,427779
38570,410890
38571,403096
38572,432892
38573,431922
38574,428130
38575,405936
38576,427382
38577,431186
38578,402670
38579,411071
38580,412057
38581,406028
38582,406917
38583,432482
38584,402193
38585,427133
38586,407323
38587,407709
38588,405645
38589,405823
38590,406471
38591,428155
38592,406159
38593,411719
38594,433105
38595,422432
38596,432451
38597,407494
38598,402901
38599,407175
38600,403562
38601,403366
38602,410625
38603,410714
38604,430966
38605,422697
38606,423241
38607,433195
38608,407846
38609,423234
38610,422080
38611,428197
38612,426340
38613,403439
38614,407210
38615,403359
38616,422230
38617,403069
38618,423071
38619,426523
38620,406741
38621,406120
38622,431615
38623,433000
38624,402784
38625,428110
38626,407512
38627,410914
38628,406055
38629,411346
38630,412308
38631,422422
38632,431609
38633,411258
38634,427718
38635,411171
38636,412121
38637,407740
38638,402235
38639,411572
38640,402391
38641,402496
38642,407851
38643,432584
38644,431214
38645,407897
38646,406676
38647,402842
38648,412133
38649,411810
38650,423137
38651,411304
38652,427393
38653,411427
38654,412118
38655,412004
38656,422927
38657,432814
38658,402025
38659,406469
38660,403588
38661,403406
38662,406060
38663,411734
38664,405697
38665,432072
38666,411879
38667,423010
38668,427077
38669,427919
38670,407558
38671,423057
38672,423327
38673,427151
38674,405947
38675,423122
38676,403028
38677,410688
38678,427171
38679,402543
38680,403373
38681,431885
38682,405841
38683,406056
38684,432817
38685,407465
38686,402454
38687,407402
38688,403688
38689,412064
38690,411000
38691,412155
38692,406733
38693,403265
38694,427358
38695,410463
38696,402140
38697,432690
38698,410762
38699,431322
38700,412200
38701,426757
38702,427856
38703,406872
38704,428163
38705,431992
38706,411521
38707,407580
38708,422409
38709,427449
38710,427771
38711,407813
38712,426660
38713,427441
38714,402262
38715,407423
38716,426503
38717,426601
38718,411788
38719,403424
38720,411753
38721,427095
38722,406143
38723,430890
38724,433141
38725,407061
38726,422258
38727,431657
38728,433040
38729,428037
38730,406219
38731,406029
38732,427164
38733,402141
38734,406836
38735,422864
38736,405953
38737,433149
38738,410771
38739,422143
38740,411344
38741,406967
38742,402914
38743,412038
38744,410905
38745,430917
38746,426694
38747,426370
38748,432480
38749,432599
38750,407326
38751,407560
38752,422453
38753,411046
38754,406910
38755,423084
38756,432279
38757,403489
38758,422632
38759,432068
38760,427909
38761,426458
38762,410651
38763,422157
38764,412164
38765,403360
38766,432955
38767,406382
38768,431528
38769,431455
38770,427043
38771,431033
38772,422012
38773,402740
38774,402179
38775,432020
38776,412281
38777,433266
38778,426865
38779,422447
38780,431959
38781,433037
38782,407142
38783,406298
38784,405770
38785,406089
38786,406443
38787,426812
38788,403014
38789,427663
38790,405687
38791,412370
38792,431023
38793,403662
38794,431282
38795,403422
38796,403412
38797,411514
38798,427928
38799,427272
38800,410718
38801,403398
38802,407386
38803,407254
38804,427032
38805,423048
38806,402146
38807,427324
38808,411651
38809,410794
38810,426703
38811,431934
38812,422158
38813,407451
38814,432253
38815,410702
38816,423282
38817,431770
38818,427632
38819,432697
38820,427401
38821,431840
38822,431583
38823,402314
38824,427244
38825,427089
38826,407054
38827,430977
38828,432016
38829,427408
38830,411251
38831,406820
38832,406266
38833,426632
38834,427535
38835,406532
38836,431318
38837,422189
38838,426548
38839,432119
38840,432125
38841,406073
38842,422885
38843,431656
38844,431379
38845,431087
38846,423244
38847,427038
38848,406315
38849,427702
38850,423132
38851,403127
38852,426539
38853,432788
38854,405839
38855,432631
38856,407231
38857,428106
38858,411361
38859,411275
38860,410715
38861,412254
38862,431414
38863,405792
38864,406547
38865,410896
38866,410535
38867,412033
38868,432567
38869,432780
38870,402512
38871,422663
38872,411698
38873,431787
38874,403197
38875,407815
38876,406829
38877,433270
38878,431839
38879,410849
38880,411758
38881,406332
38882,432708
38883,411411
38884,422516
38885,402094
38886,405946
38887,402180
38888,431011
38889,427451
38890,407311
38891,423072
38892,433198
38893,411979
38894,422722
38895,402253
38896,431933
38897,407452
38898,411384
38899,406972
38900,407123
38901,402628
38902,432941
38903,403024
38904,430954
38905,402536
38906,433103
38907,427069
38908,402183
38909,422065
38910,427918
38911,426431
38912,426262
38913,403015
38914,407516
38915,403371
38916,426416
38917,422335
38918,412205
38919,411938
38920,431139
38921,407538
38922,402008
38923,402171
38924,411852
38925,407325
38926,426977
38927,431914
38928,407523
38929,411522
38930,432512
38931,411444
38932,426479
38933,422262
38934,433279
38935,422264
38936,407371
38937,406329
38938,410843
38939,432802
38940,412191
38941,431384
38942,407533
38943,402907
38944,402023
38945,427329
38946,430893
38947,422344
38948,406506
38949,402231
38950,403081
38951,426405
38952,407754
38953,410922
38954,410690
38955,426362
38956,427303
38957,406337
38958,406898
38959,426939
38960,432513
38961,405904
38962,406395
38963,410513
38964,422739
38965,405949
38966,406371
38967,407746
38968,431301
38969,406960
38970,411448
38971,422913
38972,407753
38973,430964
38974,411333
38975,432843
38976,426774
38977,432552
38978,410553
38979,422497
38980,410518
38981,407478
38982,426609
38983,432420
38984,422281
38985,411650
38986,431672
38987,431221
38988,427098
38989,406075
38990,427754
38991,422907
38992,402437
38993,407900
38994,423246
38995,407401
38996,431120
38997,422894
38998,426725
38999,431259
39000,410484
39001,406657
39002,431827
39003,406683
39004,422359
39005,431961
39006,402988
39007,422340
39008,427686
39009,431941
39010,433014
39011,410615
39012,427307
39013,422239
39014,423171
39015,423081
39016,411468
39017,422743
39018,411038
39019,406678
39020,432001
39021,427661
39022,406637
39023,431532
39024,406956
39025,428014
39026,406939
39027,432925
39028,422926
39029,431090
39030,402673
39031,402590
39032,405649
39033,402468
39034,422800
39035,426771
39036,433055
39037,411153
39038,402594
39039,426476
39040,422353
39041,432070
39042,406673
39043,402812
39044,411613
39045,402613
39046,402349
39047,406369
39048,431165
39049,422574
39050,427712
39051,426699
39052,423264
39053,412252
39054,406006
39055,423093
39056,422941
39057,402487
39058,405797
39059,406052
39060,406608
39061,431448
39062,432266
39063,427166
39064,411423
39065,432682
39066,422582
39067,406594
39068,410735
39069,407665
39070,402326
39071,405816
39072,432155
39073,431626
39074,426521
39075,406903
39076,405950
39077,412036
39078,427212
39079,432245
39080,403301
39081,402587
39082,432025
39083,403191
39084,403071
39085,410953
39086,405814
39087,405809
39088,403416
39089,407428
39090,428172
39091,411762
39092,411044
39093,426927
39094,426279
39095,411925
39096,407696
39097,405677
39098,427225
39099,406132
39100,411540
39101,402603
39102,402279
39103,406278
39104,410764
39105,406121
39106,402184
39107,422455
39108,410471
39109,427436
39110,426746
39111,423013
39112,406284
39113,411129
39114,410947
39115,410838
39116,402570
39117,432325
39118,407602
39119,402016
39120,407138
39121,431407
39122,402790
39123,402384
39124,403199
39125,407412
39126,410830
39127,433028
39128,403278
39129,432460
39130,412173
39131,427226
39132,431269
39133,422725
39134,407476
39135,403388
39136,403640
39137,432845
39138,432554
39139,200360
39140,157287
39141,157391
39142,141204
39143,141430
39144,157617
39145,212024
39146,158322
39147,58444
39148,172772
39149,188718
39150,212568
39151,80794
39152,143546
39153,200163
39154,90144
39155,211861
39156,172089
39157,142100
39158,48110
39159,211889
39160,68850
39161,212908
39162,200973
39163,68911
39164,141636
39165,173265
39166,90856
39167,212026
39168,172182
39169,90686
39170,80493
39171,142644
39172,201070
39173,101633
39174,200095
39175,80772
39176,157185
39177,80282
39178,200489
39179,141421
39180,171614
39181,212203
39182,69032
39183,212508
39184,141322
39185,199991
39186,142172
39187,188993
39188,90166
39189,172948
39190,172956
39191,68849
39192,68868
39193,171557
39194,200270
39195,101305
39196,171406
39197,188542
39198,141473
39199,69076
39200,143108
39201,200946
39202,80782
39203,58360
39204,142444
39205,158065
39206,212352
39207,47723
39208,171824
39209,188254
39210,172083
39211,213233
39212,158150
39213,172168
39214,68658
39215,212218
39216,79999
39217,141847
39218,157605
39219,142721
39220,80133
39221,172246
39222,172728
39223,212446
39224,80314
39225,200776
39226,141044
39227,172707
39228,80126
39229,58327
39230,200901
39231,157961
39232,90493
39233,188950
39234,188307
39235,158632
39236,69081
39237,142655
39238,80333
39239,101618
39240,171697
39241,201069
39242,142798
39243,212658
39244,212098
39245,188657
39246,212893
39247,212678
39248,172804
39249,142489
39250,141963
39251,157592
39252,90523
39253,211698
39254,102076
39255,171652
39256,142383
39257,200195
39258,158374
39259,68719
39260,171849
39261,101948
39262,212347
39263,158668
39264,101606
39265,101886
39266,188483
39267,68776
39268,79986
39269,143419
39270,213116
39271,58639
39272,68969
39273,101935
39274,141033
39275,58610
39276,188295
39277,212226
39278,90160
39279,157195
39280,189380
39281,141435
39282,101617
39283,143585
39284,142761
39285,142195
39286,172548
39287,200317
39288,101706
39289,212509
39290,212580
39291,212152
39292,69052
39293,189215
39294,141815
39295,189105
39296,172450
39297,142212
39298,68666
39299,201014
39300,212989
39301,172298
39302,188766
39303,157399
39304,143519
39305,90505
39306,171754
39307,171743
39308,201075
39309,68731
39310,172809
39311,47914
39312,189056
39313,142923
39314,80783
39315,172097
39316,157799
39317,157887
39318,68998
39319,90312
39320,48055
39321,173422
39322,189263
39323,157776
39324,172020
39325,212144
39326,90123
39327,213228
39328,157656
39329,188442
39330,158641
39331,80688
39332,188678
39333,200927
39334,201135
39335,201024
39336,143263
39337,200126
39338,158633
39339,90611
39340,68789
39341,80745
39342,58571
39343,143161
39344,188325
39345,101461
39346,212755
39347,158887
39348,158434
39349,68984
39350,212030
39351,90563
39352,157535
39353,142979
39354,90904
39355,172161
39356,188529
39357,157997
39358,200017
39359,58759
39360,212654
39361,47769
39362,58715
39363,171396
39364,69058
39365,142122
39366,212369
39367,68939
39368,101393
39369,201309
39370,80712
39371,172187
39372,80453
39373,58622
39374,200717
39375,143466
39376,142573
39377,200816
39378,68814
39379,68661
39380,171435
39381,142437
39382,212317
39383,157863
39384,90128
39385,200122
39386,68967
39387,80632
39388,157599
39389,173202
39390,200434
39391,158203
39392,101907
39393,58699
39394,58585
39395,47812
39396,90260
39397,58325
39398,101568
39399,58489
39400,141631
39401,188616
39402,171453
39403,188526
39404,158883
39405,188462
39406,158776
39407,173159
39408,141937
39409,58527
39410,48001
39411,171380
39412,80717
39413,171998
39414,141395
39415,68735
39416,158698
39417,90292
39418,80803
39419,188547
39420,80112
39421,201078
39422,171902
39423,200633
39424,200580
39425,157296
39426,171622
39427,173096
39428,200299
39429,142945
39430,172063
39431,158099
39432,189267
39433,141449
39434,143078
39435,47953
39436,90670
39437,212726
39438,171458
39439,212973
39440,212056
39441,213238
39442,157894
39443,199906
39444,142526
39445,90226
39446,68767
39447,188947
39448,101967
39449,200520
39450,141327
39451,142113
39452,141258
39453,172293
39454,200629
39455,142055
39456,189146
39457,101744
39458,142766
39459,171495
39460,172451
39461,80324
39462,201036
39463,101544
39464,47671
39465,80115
39466,173293
39467,158836
39468,172712
39469,80580
39470,143435
39471,47705
39472,143179
39473,172863
39474,212999
39475,90454
39476,172919
39477,48022
39478,142672
39479,158461
39480,173058
39481,47863
39482,141269
39483,173454
39484,143702
39485,90116
39486,171654
39487,58557
39488,141222
39489,142585
39490,142417
39491,212256
39492,172594
39493,90691
39494,188566
39495,188919
39496,80445
39497,142569
39498,68846
39499,101569
39500,158856
39501,189273
39502,189339
39503,90137
39504,80520
39505,172952
39506,200646
39507,171537
39508,172997
39509,141887
39510,157299
39511,213160
39512,101959
39513,80534
39514,141588
39515,157160
39516,212503
39517,212380
39518,142557
39519,142753
39520,172884
39521,189081
39522,48020
39523,213031
39524,141876
39525,173082
39526,80335
39527,141827
39528,173019
39529,200472
39530,141744
39531,172444
39532,143658
39533,101380
39534,142354
39535,173093
39536,213206
39537,79927
39538,142922
39539,142168
39540,101281
39541,142008
39542,80514
39543,90560
39544,172817
39545,157699
39546,171903
39547,172386
39548,157560
39549,200731
39550,58485
39551,102054
39552,212968
39553,101391
39554,171393
39555,68919
39556,212686
39557,141919
39558,200261
39559,171739
39560,80622
39561,171381
39562,90603
39563,212309
39564,158873
39565,171397
39566,189259
39567,212099
39568,200030
39569,141383
39570,158210
39571,157576
39572,199963
39573,189353
39574,158716
39575,58694
39576,80339
39577,212264
39578,142909
39579,188402
39580,157365
39581,172993
39582,47852
39583,212736
39584,141893
39585,189205
39586,142320
39587,48015
39588,47799
39589,212521
39590,157708
39591,213136
39592,47873
39593,158177
39594,200461
39595,68713
39596,172837
39597,173432
39598,140992
39599,171809
39600,172688
39601,142849
39602,158447
39603,189427
39604,68671
39605,213194
39606,212130
39607,188719
39608,188502
39609,143518
39610,143634
39611,200602
39612,141393
39613,201165
39614,157993
39615,141554
39616,188789
39617,80307
39618,58525
39619,69099
39620,158548
39621,200812
39622,101283
39623,171820
39624,142964
39625,172186
39626,158221
39627,101523
39628,47732
39629,200652
39630,201155
39631,188744
39632,101964
39633,158675
39634,200651
39635,58324
39636,80705
39637,171836
39638,211865
39639,68725
39640,188365
39641,171983
39642,158324
39643,158133
39644,101280
39645,142541
39646,158285
39647,158388
39648,211766
39649,173199
39650,212864
39651,200056
39652,172756
39653,212921
39654,158009
39655,188208
39656,211699
39657,172231
39658,47867
39659,212602
39660,172121
39661,158404
39662,171399
39663,199925
39664,157710
39665,200272
39666,200522
39667,188936
39668,200450
39669,211847
39670,172715
39671,212325
39672,158423
39673,173444
39674,143706
39675,48099
39676,157129
39677,172368
39678,157723
39679,200284
39680,213134
39681,80576
39682,80228
39683,90853
39684,102081
39685,141174
39686,188996
39687,101546
39688,188248
39689,189104
39690,157760
39691,101397
39692,189207
39693,80746
39694,101844
39695,213100
39696,80037
39697,212571
39698,143203
39699,101614
39700,58670
39701,80044
39702,212358
39703,212591
39704,172139
39705,212022
39706,47977
39707,90259
39708,47694
39709,102116
39710,90442
39711,101894
39712,90420
39713,158019
39714,200810
39715,58380
39716,201291
39717,142256
39718,68749
39719,171956
39720,142538
39721,58329
39722,90586
39723,201257
39724,212637
39725,47776
39726,200328
39727,172389
39728,142567
39729,212303
39730,212653
39731,68683
39732,157750
39733,189115
39734,200713
39735,171960
39736,102102
39737,80236
39738,188267
39739,158290
39740,173425
39741,172868
39742,172454
39743,47821
39744,142958
39745,201284
39746,158893
39747,80716
39748,80584
39749,157609
39750,47884
39751,141808
39752,58260
39753,80441
39754,188217
39755,172721
39756,143282
39757,200655
39758,80150
39759,141175
39760,47728
39761,157947
39762,211718
39763,142781
39764,212363
39765,141359
39766,173003
39767,200098
39768,101331
39769,200701
39770,68857
39771,157341
39772,172654
39773,101520
39774,142722
39775,158178
39776,80430
39777,158082
39778,172421
39779,171757
39780,199921
39781,80731
39782,189107
39783,80336
39784,171461
39785,142735
39786,101727
39787,142875
39788,188893
39789,171605
39790,200318
39791,200807
39792,158111
39793,188575
39794,172653
39795,143473
39796,101438
39797,101903
39798,211728
39799,173037
39800,143239
39801,188250
39802,80597
39803,143478
39804,188841
39805,173120
39806,142985
39807,212497
39808,189071
39809,199945
39810,80386
39811,101656
39812,158639
39813,188303
39814,200080
39815,58394
39816,58475
39817,212441
39818,212492
39819,157303
39820,213034
39821,172606
39822,80306
39823,68742
39824,158771
39825,90701
39826,188818
39827,172554
39828,201116
39829,58548
39830,141367
39831,143454
39832,102011
39833,142792
39834,68773
39835,158117
39836,90238
39837,141616
39838,142507
39839,143431
39840,172379
39841,80764
39842,90906
39843,69000
39844,189198
39845,173191
39846,157893
39847,158454
39848,188352
39849,143414
39850,90628
39851,142321
39852,201022
39853,90777
39854,172814
39855,58486
39856,68993
39857,172861
39858,212837
39859,141582
39860,101980
39861,172918
39862,142202
39863,142679
39864,157859
39865,58777
39866,173085
39867,200418
39868,141494
39869,90488
39870,157415
39871,80603
39872,142014
39873,157956
39874,188582
39875,188982
39876,172661
39877,172043
39878,173081
39879,68623
39880,212333
39881,47986
39882,200111
39883,173303
39884,211812
39885,173182
39886,68729
39887,90174
39888,200697
39889,172525
39890,172613
39891,213212
39892,157496
39893,171630
39894,188740
39895,80168
39896,188698
39897,80682
39898,143724
39899,212372
39900,143374
39901,68802
39902,200466
39903,80358
39904,188549
39905,212188
39906,158541
39907,211841
39908,157135
39909,211924
39910,171745
39911,211800
39912,143250
39913,200306
39914,80528
39915,200072
39916,212937
39917,188854
39918,212375
39919,171606
39920,171877
39921,142313
39922,157291
39923,142097
39924,172075
39925,212029
39926,142617
39927,172748
39928,141894
39929,189132
39930,80418
39931,158435
39932,143299
39933,101510
39934,142000
39935,143507
39936,213144
39937,58599
39938,212550
39939,172904
39940,213243
39941,213163
39942,188533
39943,47641
39944,141974
39945,141715
39946,47643
39947,212570
39948,158827
39949,80389
39950,158855
39951,173361
39952,90150
39953,212555
39954,142453
39955,142898
39956,171429
39957,172351
39958,172566
39959,211938
39960,172241
39961,80222
39962,211691
39963,47677
39964,69075
39965,80278
39966,200774
39967,48048
39968,172954
39969,172768
39970,142646
39971,158496
39972,212187
39973,172789
39974,90401
39975,143728
39976,173380
39977,143510
39978,171810
39979,141072
39980,172777
39981,157715
39982,158214
39983,200661
39984,211794
39985,90707
39986,172322
39987,47859
39988,158038
39989,188896
39990,80539
39991,90342
39992,157881
39993,68972
39994,200707
39995,213174
39996,172742
39997,211916
39998,212471
39999,172675
40000,58476
40001,48089
40002,157105
40003,211826
40004,158395
40005,200543
40006,101849
40007,90470
40008,90666
40009,200296
40010,172587
40011,142407
40012,212233
40013,213104
40014,157700
40015,90469
40016,157721
40017,141245
40018,173216
40019,188623
40020,141468
40021,141441
40022,142638
40023,157473
40024,171477
40025,142941
40026,47908
40027,157978
40028,142501
40029,90115
40030,157109
40031,157968
40032,101282
40033,212042
40034,172265
40035,211724
40036,158931
40037,212547
40038,211827
40039,47933
40040,141163
40041,172873
40042,200001
40043,171431
40044,143205
40045,80286
40046,200863
40047,90787
40048,212379
40049,101535
40050,212720
40051,47777
40052,212472
40053,158055
40054,212076
40055,58477
40056,142623
40057,90534
40058,141447
40059,200352
40060,188668
40061,143642
40062,142577
40063,211994
40064,80701
40065,189254
40066,201179
40067,101274
40068,143283
40069,200242
40070,157282
40071,172551
40072,80338
40073,157810
40074,172103
40075,142446
40076,157491
40077,80759
40078,58613
40079,142138
40080,90333
40081,80012
40082,157305
40083,213191
40084,142448
40085,142252
40086,172038
40087,188877
40088,200246
40089,80119
40090,101255
40091,212866
40092,102002
40093,90233
40094,101563
40095,47663
40096,80660
40097,142629
40098,142310
40099,101491
40100,158212
40101,141509
40102,143199
40103,101803
40104,211985
40105,173256
40106,212765
40107,90476
40108,189238
40109,188636
40110,172829
40111,212759
40112,142917
40113,142175
40114,90210
40115,172851
40116,172406
40117,200639
40118,142412
40119,143114
40120,171533
40121,80538
40122,47819
40123,157200
40124,188201
40125,211870
40126,172799
40127,90141
40128,58406
40129,157946
40130,47959
40131,101368
40132,211956
40133,189063
40134,141276
40135,90556
40136,212663
40137,189249
40138,142808
40139,212763
40140,158058
40141,212467
40142,79950
40143,141594
40144,58425
40145,142695
40146,157224
40147,158429
40148,141867
40149,173045
40150,172601
40151,172800
40152,188361
40153,188934
40154,143444
40155,189117
40156,68815
40157,90553
40158,212319
40159,90463
40160,101647
40161,157393
40162,212090
40163,157203
40164,188371
40165,142975
40166,200830
40167,200939
40168,141394
40169,141087
40170,172590
40171,171700
40172,47982
40173,173276
40174,213055
40175,101932
40176,141165
40177,172000
40178,157138
40179,200240
40180,80080
40181,172223
40182,200379
40183,47879
40184,80683
40185,101786
40186,143608
40187,189052
40188,201092
40189,141445
40190,141101
40191,47686
40192,171839
40193,158647
40194,158502
40195,90757
40196,58341
40197,189360
40198,172686
40199,200970
40200,68897
40201,157306
40202,79952
40203,58397
40204,101626
40205,68838
40206,90773
40207,212019
40208,173438
40209,212986
40210,200209
40211,157821
40212,212287
40213,188944
40214,173165
40215,212692
40216,173200
40217,142853
40218,212001
40219,58416
40220,157430
40221,80170
40222,189356
40223,211968
40224,68642
40225,141452
40226,80192
40227,69078
40228,157812
40229,80674
40230,172308
40231,171993
40232,188237
40233,143264
40234,101745
40235,143467
40236,172082
40237,157838
40238,188753
40239,58298
40240,101431
40241,173419
40242,213113
40243,171973
40244,158273
40245,90537
40246,173059
40247,47835
40248,142237
40249,141906
40250,200060
40251,90081
40252,90869
40253,90699
40254,141358
40255,158452
40256,101581
40257,143150
40258,158286
40259,90890
40260,68827
40261,157914
40262,212537
40263,90186
40264,80532
40265,68670
40266,212587
40267,200498
40268,157589
40269,141336
40270,80535
40271,212777
40272,189415
40273,200192
40274,80724
40275,172735
40276,172854
40277,171543
40278,90816
40279,141335
40280,157469
40281,80062
40282,213204
40283,212897
40284,171765
40285,101920
40286,69105
40287,171798
40288,211749
40289,211765
40290,80779
40291,188694
40292,47787
40293,200497
40294,200304
40295,143375
40296,200703
40297,142010
40298,173240
40299,141482
40300,101321
40301,143316
40302,142750
40303,188305
40304,80379
40305,201068
40306,200628
40307,101502
40308,211805
40309,142790
40310,200684
40311,213096
40312,90542
40313,80798
40314,90113
40315,157408
40316,172480
40317,157681
40318,189078
40319,101609
40320,188897
40321,172369
40322,173404
40323,69068
40324,141619
40325,171649
40326,189024
40327,143439
40328,143641
40329,142860
40330,80409
40331,157258
40332,188527
40333,212298
40334,201121
40335,68856
40336,143662
40337,188839
40338,142033
40339,158261
40340,171690
40341,143197
40342,201136
40343,200382
40344,101890
40345,200268
40346,212149
40347,58656
40348,143227
40349,143347
40350,173405
40351,200298
40352,200608
40353,143628
40354,212926
40355,211935
40356,142081
40357,143443
40358,188500
40359,47740
40360,171446
40361,141440
40362,101780
40363,200127
40364,142730
40365,211825
40366,80318
40367,201178
40368,141562
40369,188889
40370,141780
40371,188423
40372,189018
40373,143352
40374,102110
40375,158859
40376,211898
40377,188762
40378,58379
40379,189424
40380,90326
40381,157332
40382,143188
40383,213232
40384,171486
40385,142972
40386,213118
40387,158487
40388,171437
40389,47661
40390,143640
40391,212312
40392,212278
40393,48090
40394,58659
40395,189242
40396,141363
40397,47956
40398,172792
40399,200271
40400,188918
40401,101389
40402,69085
40403,173211
40404,212976
40405,157660
40406,90588
40407,157762
40408,173373
40409,158652
40410,68740
40411,47971
40412,200878
40413,90612
40414,143661
40415,173335
40416,141739
40417,189153
40418,90737
40419,188279
40420,80499
40421,58551
40422,90365
40423,173230
40424,157449
40425,173483
40426,173257
40427,142671
40428,157307
40429,143480
40430,157521
40431,158352
40432,142339
40433,102071
40434,172193
40435,47746
40436,188189
40437,157790
40438,211883
40439,80460
40440,141860
40441,171905
40442,188990
40443,142197
40444,80088
40445,157412
40446,90155
40447,200695
40448,141934
40449,172625
40450,101988
40451,157640
40452,158310
40453,171387
40454,101784
40455,68913
40456,199971
40457,58322
40458,90512
40459,68961
40460,47810
40461,141759
40462,188471
40463,211681
40464,158274
40465,158666
40466,90716
40467,142857
40468,101699
40469,171432
40470,189390
40471,68631
40472,157233
40473,171496
40474,90626
40475,90175
40476,141207
40477,58687
40478,188913
40479,213182
40480,80686
40481,141289
40482,172327
40483,142241
40484,200062
40485,80182
40486,189433
40487,201065
40488,173289
40489,157321
40490,142740
40491,101804
40492,188780
40493,213180
40494,200291
40495,200074
40496,58304
40497,143573
40498,80014
40499,90215
40500,90358
40501,101878
40502,101987
40503,143365
40504,80074
40505,173258
40506,200835
40507,172709
40508,172154
40509,172275
40510,142518
40511,79972
40512,47889
40513,142186
40514,189359
40515,58682
40516,80375
40517,188449
40518,142500
40519,48007
40520,189398
40521,141282
40522,201211
40523,142667
40524,69106
40525,142328
40526,141408
40527,172430
40528,142989
40529,212798
40530,158012
40531,90798
40532,90490
40533,212735
40534,173350
40535,80730
40536,143293
40537,68875
40538,171547
40539,141665
40540,158565
40541,157840
40542,158909
40543,158673
40544,142748
40545,171681
40546,158217
40547,201317
40548,172751
40549,200598
40550,141375
40551,141601
40552,171850
40553,142235
40554,158697
40555,90693
40556,158244
40557,90711
40558,213010
40559,143506
40560,173487
40561,101589
40562,58721
40563,101770
40564,157998
40565,200653
40566,189354
40567,188568
40568,142961
40569,90705
40570,201030
40571,212407
40572,143630
40573,200002
40574,189217
40575,142816
40576,58556
40577,188548
40578,212353
40579,158240
40580,157398
40581,101914
40582,172637
40583,188638
40584,68772
40585,90552
40586,200507
40587,188662
40588,157871
40589,212518
40590,213187
40591,143679
40592,80057
40593,58393
40594,172859
40595,172949
40596,48135
40597,80568
40598,171882
40599,142352
40600,157622
40601,90445
40602,158667
40603,90736
40604,188878
40605,158604
40606,141262
40607,200499
40608,171828
40609,171403
40610,173314
40611,200997
40612,171736
40613,189160
40614,158563
40615,158348
40616,141592
40617,188231
40618,101735
40619,90674
40620,212942
40621,173296
40622,157677
40623,68758
40624,188820
40625,171545
40626,143042
40627,58595
40628,158726
40629,90498
40630,142933
40631,171921
40632,172472
40633,172344
40634,141628
40635,200868
40636,142038
40637,157140
40638,213214
40639,80003
40640,188199
40641,201166
40642,188241
40643,90806
40644,90735
40645,201264
40646,143087
40647,200437
40648,200430
40649,157265
40650,58474
40651,141348
40652,212626
40653,141850
40654,158586
40655,212770
40656,171410
40657,48101
40658,142062
40659,157177
40660,201261
40661,171509
40662,58387
40663,212946
40664,172242
40665,211817
40666,90908
40667,172149
40668,158462
40669,142550
40670,141560
40671,189341
40672,141531
40673,141354
40674,158166
40675,158778
40676,141209
40677,141078
40678,172034
40679,58609
40680,158193
40681,142812
40682,80258
40683,101616
40684,171420
40685,200337
40686,68929
40687,158224
40688,189111
40689,172374
40690,200867
40691,90651
40692,141347
40693,80498
40694,102031
40695,212666
40696,157954
40697,201225
40698,58750
40699,80472
40700,212310
40701,212293
40702,102078
40703,211933
40704,80591
40705,172056
40706,171936
40707,90635
40708,141181
40709,79934
40710,158791
40711,90608
40712,101412
40713,48104
40714,157409
40715,157574
40716,173099
40717,68873
40718,141704
40719,212443
40720,143522
40721,158790
40722,158807
40723,102044
40724,143147
40725,47710
40726,101542
40727,47830
40728,101256
40729,171925
40730,101882
40731,173206
40732,101271
40733,101767
40734,80095
40735,90234
40736,47854
40737,140990
40738,90823
40739,143402
40740,171816
40741,212920
40742,188411
40743,157644
40744,158580
40745,212523
40746,47883
40747,172409
40748,188525
40749,101416
40750,142130
40751,141183
40752,211678
40753,58559
40754,80229
40755,173157
40756,188885
40757,158754
40758,143686
40759,211962
40760,157327
40761,80490
40762,200533
40763,171996
40764,142410
40765,201158
40766,80326
40767,143584
40768,211730
40769,143576
40770,172630
40771,80030
40772,157356
40773,157246
40774,141648
40775,201267
40776,58549
40777,211892
40778,142416
40779,143132
40780,90719
40781,157679
40782,79942
40783,172404
40784,141523
40785,80462
40786,141892
40787,157175
40788,200853
40789,212828
40790,47693
40791,157254
40792,212738
40793,101576
40794,157991
40795,142379
40796,143553
40797,188591
40798,157913
40799,188546
40800,212722
40801,90644
40802,142899
40803,188520
40804,212739
40805,48035
40806,200064
40807,200654
40808,90655
40809,212805
40810,157921
40811,142441
40812,212974
40813,90385
40814,172901
40815,58711
40816,173352
40817,90522
40818,143272
40819,201196
40820,79930
40821,188783
40822,158862
40823,171549
40824,171737
40825,212460
40826,171559
40827,171786
40828,212436
40829,201176
40830,200407
40831,158309
40832,211881
40833,80176
40834,212619
40835,142297
40836,172410
40837,213128
40838,212810
40839,141992
40840,142701
40841,189055
40842,188454
40843,211849
40844,141256
40845,141128
40846,158195
40847,188284
40848,189080
40849,143129
40850,212797
40851,69066
40852,80492
40853,200993
40854,157174
40855,158053
40856,143301
40857,212210
40858,172937
40859,141677
40860,189299
40861,211774
40862,158064
40863,143497
40864,189139
40865,143167
40866,157868
40867,200715
40868,171942
40869,212136
40870,157219
40871,90363
40872,80756
40873,212889
40874,200057
40875,212528
40876,79980
40877,157625
40878,188641
40879,58419
40880,143031
40881,101915
40882,47997
40883,200557
40884,142833
40885,200492
40886,173294
40887,58678
40888,157964
40889,141614
40890,141307
40891,68626
40892,212474
40893,90344
40894,90513
40895,189337
40896,47645
40897,189120
40898,188172
40899,90643
40900,189050
40901,201101
40902,189460
40903,200118
40904,157122
40905,157270
40906,188711
40907,58542
40908,172942
40909,142719
40910,157484
40911,142636
40912,68639
40913,158916
40914,172600
40915,189077
40916,171684
40917,90786
40918,189383
40919,141520
40920,80812
40921,90461
40922,212604
40923,200005
40924,58333
40925,90649
40926,143385
40927,68788
40928,48071
40929,80775
40930,142085
40931,158503
40932,188583
40933,101478
40934,143682
40935,140985
40936,157703
40937,101286
40938,188285
40939,189367
40940,200892
40941,213213
40942,173086
40943,58541
40944,173413
40945,47704
40946,158610
40947,188933
40948,142245
40949,157205
40950,157940
40951,142846
40952,101418
40953,101284
40954,211959
40955,157371
40956,157429
40957,101306
40958,171848
40959,101488
40960,141726
40961,158035
40962,157259
40963,58771
40964,158522
40965,172544
40966,200369
40967,101365
40968,141240
40969,200523
40970,172226
40971,101774
40972,101919
40973,141580
40974,171887
40975,90627
40976,58488
40977,172996
40978,142102
40979,171799
40980,188501
40981,143556
40982,189227
40983,157108
40984,68896
40985,90169
40986,80070
40987,143533
40988,101459
40989,141063
40990,142425
40991,143635
40992,157981
40993,158753
40994,189462
40995,68723
40996,212337
40997,213237
40998,213038
40999,58749
41000,173319
41001,171595
41002,142635
41003,80118
41004,58576
41005,68966
41006,171802
41007,90381
41008,157447
41009,173470
41010,79922
41011,200200
41012,143529
41013,201304
41014,90723
41015,200938
41016,80097
41017,172356
41018,58667
41019,101944
41020,80474
41021,188578
41022,58361
41023,199964
41024,173377
41025,90434
41026,48138
41027,68668
41028,141315
41029,212696
41030,189347
41031,90282
41032,157119
41033,47909
41034,212649
41035,200182
41036,69006
41037,171988
41038,47805
41039,157751
41040,172586
41041,101440
41042,80719
41043,172489
41044,212454
41045,101972
41046,80076
41047,189252
41048,200289
41049,158606
41050,172218
41051,142299
41052,158721
41053,90634
41054,58405
41055,141826
41056,69016
41057,158208
41058,212428
41059,157178
41060,171604
41061,189384
41062,101476
41063,68979
41064,200881
41065,212224
41066,101533
41067,158857
41068,157377
41069,200947
41070,69056
41071,90901
41072,213028
41073,142674
41074,68737
41075,143663
41076,141789
41077,47770
41078,143386
41079,90589
41080,80210
41081,143254
41082,142487
41083,200606
41084,201032
41085,158904
41086,143722
41087,101776
41088,212894
41089,47759
41090,80690
41091,58739
41092,158655
41093,142536
41094,157786
41095,172602
41096,213244
41097,142296
41098,189256
41099,141693
41100,212462
41101,157698
41102,142522
41103,201173
41104,158714
41105,101634
41106,157280
41107,142477
41108,80635
41109,171640
41110,157655
41111,80022
41112,189017
41113,90236
41114,158560
41115,143012
41116,172295
41117,172618
41118,172068
41119,173298
41120,157544
41121,143624
41122,188857
41123,58546
41124,101462
41125,157686
41126,80765
41127,101726
41128,172018
41129,200236
41130,173180
41131,142633
41132,68952
41133,90382
41134,58725
41135,142134
41136,172259
41137,211696
41138,80248
41139,142668
41140,189336
41141,172093
41142,158813
41143,189375
41144,142855
41145,158491
41146,158854
41147,158062
41148,157266
41149,157966
41150,189322
41151,143504
41152,158935
41153,142203
41154,157334
41155,212406
41156,142637
41157,142152
41158,157969
41159,172145
41160,189166
41161,141661
41162,101809
41163,101468
41164,157684
41165,68706
41166,157508
41167,172986
41168,158524
41169,157798
41170,211936
41171,143091
41172,143557
41173,172143
41174,157249
41175,158245
41176,142468
41177,68927
41178,141275
41179,173461
41180,213041
41181,188692
41182,143198
41183,173234
41184,47843
41185,212639
41186,158814
41187,188514
41188,142810
41189,172958
41190,157853
41191,142924
41192,80382
41193,143645
41194,79944
41195,173101
41196,201113
41197,172530
41198,47734
41199,212919
41200,90756
41201,142751
41202,142432
41203,188598
41204,157540
41205,212888
41206,188224
41207,200321
41208,173341
41209,201079
41210,189075
41211,171696
41212,211872
41213,200779
41214,201184
41215,68745
41216,58748
41217,47934
41218,158040
41219,158937
41220,90521
41221,189443
41222,141027
41223,101763
41224,68895
41225,188249
41226,200772
41227,173087
41228,189289
41229,158097
41230,90465
41231,48069
41232,58506
41233,142349
41234,189292
41235,68738
41236,68709
41237,68953
41238,188567
41239,101631
41240,213054
41241,172401
41242,47675
41243,69011
41244,173324
41245,212741
41246,212823
41247,47720
41248,68870
41249,101267
41250,58378
41251,188788
41252,200273
41253,101702
41254,173365
41255,188795
41256,189109
41257,172375
41258,171965
41259,201170
41260,68999
41261,143151
41262,171706
41263,213225
41264,80436
41265,58536
41266,69031
41267,157986
41268,142772
41269,189044
41270,68730
41271,58359
41272,201175
41273,212393
41274,188951
41275,80073
41276,157222
41277,173456
41278,172693
41279,58399
41280,58471
41281,80527
41282,142901
41283,171569
41284,212530
41285,188631
41286,200575
41287,101909
41288,158024
41289,142364
41290,141995
41291,157363
41292,102077
41293,200930
41294,142589
41295,141761
41296,212863
41297,201246
41298,158279
41299,79949
41300,101611
41301,58423
41302,101954
41303,188374
41304,68956
41305,212607
41306,172228
41307,172973
41308,101801
41309,143315
41310,173310
41311,172626
41312,157627
41313,199920
41314,211940
41315,80321
41316,68845
41317,58663
41318,157100
41319,90290
41320,143067
41321,212638
41322,80750
41323,141055
41324,171945
41325,158751
41326,199988
41327,141799
41328,172507
41329,143710
41330,172244
41331,213239
41332,158494
41333,68667
41334,212504
41335,143420
41336,158123
41337,80373
41338,141053
41339,90139
41340,212122
41341,189342
41342,211902
41343,157789
41344,68867
41345,171553
41346,189027
41347,189025
41348,58738
41349,171914
41350,158865
41351,171714
41352,90235
41353,80384
41354,172845
41355,171694
41356,142027
41357,200093
41358,200066
41359,158230
41360,172438
41361,101372
41362,157802
41363,188232
41364,188418
41365,101575
41366,200041
41367,188855
41368,200515
41369,157516
41370,141997
41371,158134
41372,158614
41373,157662
41374,158201
41375,172516
41376,141052
41377,200255
41378,173063
41379,143160
41380,157359
41381,141538
41382,58767
41383,47745
41384,90481
41385,173453
41386,141129
41387,212665
41388,212348
41389,80039
41390,172177
41391,212432
41392,157645
41393,143689
41394,143503
41395,200961
41396,48003
41397,143353
41398,90284
41399,212308
41400,101885
41401,102072
41402,69005
41403,141140
41404,212745
41405,200743
41406,212896
41407,172671
41408,143059
41409,90387
41410,90489
41411,173115
41412,141935
41413,90636
41414,142032
41415,142393
41416,90838
41417,172341
41418,68859
41419,201203
41420,201298
41421,158815
41422,212865
41423,158186
41424,158583
41425,58401
41426,101841
41427,47731
41428,142263
41429,212577
41430,143016
41431,172300
41432,158575
41433,101846
41434,201224
41435,173188
41436,188904
41437,90280
41438,200591
41439,142787
41440,158159
41441,143644
41442,189327
41443,141766
41444,212033
41445,141284
41446,58733
41447,200612
41448,101942
41449,90304
41450,201164
41451,172638
41452,212236
41453,212838
41454,158420
41455,188571
41456,188905
41457,90325
41458,80142
41459,157406
41460,188373
41461,212249
41462,141296
41463,200679
41464,212564
41465,101545
41466,143176
41467,142194
41468,188414
41469,142167
41470,158365
41471,212955
41472,141285
41473,141489
41474,211685
41475,157834
41476,143441
41477,212585
41478,48076
41479,171394
41480,200553
41481,212683
41482,213132
41483,80624
41484,171971
41485,141623
41486,157616
41487,158293
41488,188551
41489,157933
41490,172702
41491,141218
41492,79974
41493,189361
41494,141752
41495,171613
41496,189417
41497,200925
41498,171913
41499,142698
41500,200281
41501,188444
41502,68781
41503,142424
41504,171876
41505,200647
41506,158808
41507,157804
41508,212105
41509,172583
41510,188696
41511,157152
41512,90584
41513,158525
41514,213059
41515,90594
41516,80573
41517,200921
41518,158107
41519,141924
41520,101781
41521,212977
41522,200883
41523,172257
41524,158720
41525,200702
41526,157323
41527,142455
41528,58274
41529,188930
41530,189344
41531,189150
41532,212058
41533,101465
41534,188802
41535,157498
41536,173441
41537,213167
41538,157586
41539,172130
41540,141035
41541,212191
41542,172294
41543,200368
41544,142367
41545,141888
41546,90583
41547,212133
41548,172720
41549,211762
41550,201245
41551,143093
41552,213175
41553,143162
41554,158584
41555,157216
41556,101772
41557,157161
41558,158220
41559,201106
41560,172119
41561,58701
41562,142346
41563,79965
41564,189222
41565,101993
41566,188183
41567,200872
41568,172559
41569,212134
41570,172770
41571,90278
41572,200319
41573,200045
41574,189216
41575,141024
41576,90791
41577,141481
41578,172336
41579,211947
41580,158623
41581,141776
41582,90665
41583,172908
41584,201118
41585,58764
41586,80548
41587,142624
41588,200035
41589,211733
41590,172930
41591,200505
41592,80218
41593,141750
41594,172437
41595,172950
41596,80804
41597,189090
41598,172890
41599,90483
41600,201293
41601,80618
41602,171749
41603,68695
41604,141907
41605,101738
41606,141162
41607,142814
41608,58491
41609,171680
41610,142639
41611,171449
41612,158116
41613,200235
41614,188587
41615,172971
41616,188681
41617,80032
41618,157369
41619,101845
41620,142515
41621,101917
41622,211984
41623,212282
41624,211908
41625,200953
41626,158651
41627,80789
41628,212023
41629,80002
41630,90117
41631,141882
41632,80805
41633,172944
41634,158810
41635,143026
41636,158342
41637,212096
41638,201035
41639,142157
41640,68712
41641,200992
41642,143378
41643,101315
41644,212093
41645,142527
41646,200446
41647,143376
41648,90127
41649,212326
41650,212084
41651,189054
41652,101329
41653,157689
41654,171689
41655,201263
41656,172557
41657,172225
41658,212949
41659,171439
41660,80353
41661,69071
41662,143323
41663,141975
41664,188394
41665,188602
41666,189294
41667,158885
41668,157584
41669,141857
41670,172262
41671,188537
41672,188606
41673,212362
41674,189447
41675,141424
41676,157511
41677,212502
41678,212858
41679,47871
41680,173307
41681,172189
41682,101482
41683,172543
41684,212465
41685,58390
41686,47662
41687,58320
41688,158415
41689,201297
41690,68883
41691,80043
41692,141314
41693,188330
41694,143656
41695,213235
41696,171402
41697,172905
41698,102057
41699,212716
41700,80515
41701,200260
41702,143536
41703,158442
41704,141194
41705,141957
41706,212803
41707,141111
41708,69027
41709,90349
41710,172900
41711,142640
41712,141337
41713,142146
41714,212600
41715,212065
41716,172865
41717,200787
41718,157226
41719,200440
41720,212494
41721,141092
41722,158246
41723,80193
41724,141620
41725,141187
41726,157731
41727,172122
41728,212235
41729,80480
41730,211707
41731,212060
41732,141579
41733,212693
41734,172470
41735,101409
41736,58732
41737,211965
41738,200967
41739,211946
41740,101787
41741,141514
41742,211978
41743,200848
41744,188188
41745,171889
41746,189325
41747,211844
41748,142728
41749,188828
41750,90499
41751,143216
41752,188389
41753,47932
41754,189137
41755,69117
41756,172678
41757,69040
41758,200794
41759,211821
41760,158421
41761,90087
41762,171883
41763,173474
41764,173434
41765,212139
41766,142400
41767,172403
41768,172348
41769,172115
41770,142621
41771,90790
41772,200933
41773,200286
41774,58757
41775,188214
41776,90462
41777,58617
41778,188646
41779,171893
41780,157221
41781,172398
41782,80271
41783,141450
41784,101798
41785,90239
41786,142618
41787,173290
41788,90313
41789,47868
41790,200512
41791,68869
41792,200263
41793,211682
41794,158866
41795,58505
41796,188383
41797,101757
41798,90551
41799,201238
41800,188757
41801,157779
41802,158199
41803,79947
41804,171788
41805,90276
41806,102066
41807,212311
41808,212538
41809,142350
41810,200432
41811,90661
41812,58568
41813,158875
41814,102115
41815,212469
41816,80059
41817,141522
41818,142447
41819,143245
41820,157945
41821,211931
41822,201137
41823,157716
41824,80223
41825,79998
41826,212351
41827,141419
41828,90273
41829,171990
41830,79964
41831,212938
41832,157641
41833,142249
41834,141552
41835,171915
41836,188603
41837,141837
41838,90749
41839,212414
41840,142902
41841,69065
41842,157128
41843,171968
41844,68943
41845,200749
41846,158713
41847,101877
41848,157594
41849,157189
41850,158456
41851,172513
41852,141255
41853,101793
41854,188176
41855,172469
41856,172320
41857,189067
41858,200274
41859,200773
41860,80106
41861,172289
41862,188624
41863,172315
41864,141205
41865,157872
41866,212268
41867,68920
41868,212877
41869,200828
41870,47847
41871,48126
41872,141155
41873,143229
41874,47831
41875,80681
41876,142108
41877,90900
41878,141425
41879,48130
41880,68736
41881,173102
41882,212315
41883,188481
41884,68885
41885,48056
41886,58769
41887,157439
41888,189303
41889,200949
41890,102109
41891,143578
41892,157396
41893,80797
41894,143665
41895,188227
41896,142873
41897,47696
41898,172998
41899,80239
41900,200844
41901,212413
41902,101861
41903,141613
41904,172285
41905,58717
41906,80136
41907,80167
41908,212366
41909,141152
41910,188776
41911,80476
41912,141271
41913,143134
41914,158339
41915,68957
41916,58510
41917,172911
41918,172150
41919,143288
41920,158016
41921,80280
41922,188334
41923,143095
41924,68753
41925,143403
41926,143096
41927,173266
41928,101415
41929,157187
41930,141657
41931,157486
41932,90138
41933,47814
41934,212614
41935,143633
41936,172706
41937,80512
41938,212793
41939,79923
41940,212159
41941,212334
41942,79935
41943,200316
41944,48131
41945,212166
41946,58561
41947,173192
41948,212660
41949,211769
41950,172951
41951,212072
41952,143068
41953,90315
41954,90864
41955,47906
41956,212802
41957,189453
41958,172314
41959,90847
41960,141547
41961,143383
41962,69026
41963,172397
41964,102048
41965,158616
41966,173160
41967,143493
41968,58731
41969,58716
41970,48091
41971,211694
41972,80105
41973,142028
41974,158806
41975,172340
41976,142125
41977,172827
41978,189144
41979,80060
41980,201085
41981,157683
41982,142275
41983,58449
41984,79914
41985,141028
41986,143219
41987,188650
41988,142741
41989,143485
41990,80479
41991,80627
41992,189159
41993,90860
41994,212847
41995,101312
41996,143566
41997,58345
41998,188553
41999,47774
42000,101883
42001,173015
42002,101941
42003,157890
42004,212316
42005,201313
42006,200815
42007,200600
42008,48058
42009,80786
42010,58287
42011,188409
42012,158669
42013,158126
42014,157500
42015,69070
42016,201082
42017,142332
42018,188781
42019,142825
42020,90704
42021,213184
42022,213020
42023,189396
42024,212399
42025,101678
42026,80283
42027,212449
42028,68750
42029,200160
42030,157158
42031,58265
42032,188413
42033,90380
42034,173464
42035,172907
42036,90252
42037,47709
42038,158433
42039,158897
42040,201191
42041,47721
42042,58353
42043,200555
42044,157772
42045,101997
42046,101427
42047,80544
42048,141042
42049,171378
42050,188882
42051,90619
42052,188872
42053,188967
42054,143532
42055,212280
42056,157538
42057,172447
42058,47665
42059,80099
42060,142580
42061,200338
42062,199937
42063,157899
42064,189441
42065,101471
42066,142004
42067,101487
42068,200258
42069,143177
42070,200165
42071,212648
42072,199904
42073,101327
42074,157792
42075,101512
42076,142987
42077,58778
42078,158146
42079,47640
42080,188932
42081,143652
42082,142999
42083,171896
42084,47946
42085,47958
42086,188856
42087,58786
42088,172941
42089,171938
42090,173185
42091,188400
42092,200431
42093,213009
42094,173006
42095,201002
42096,143326
42097,213046
42098,200203
42099,158335
42100,142009
42101,171811
42102,201159
42103,199926
42104,158034
42105,211942
42106,141374
42107,201273
42108,48096
42109,189134
42110,200222
42111,211690
42112,171954
42113,157642
42114,90328
42115,158858
42116,143240
42117,142456
42118,171929
42119,69112
42120,200524
42121,142043
42122,189042
42123,212972
42124,172362
42125,200202
42126,157782
42127,172105
42128,188804
42129,158594
42130,142600
42131,200031
42132,172872
42133,143336
42134,80155
42135,47901
42136,101901
42137,58319
42138,141124
42139,141252
42140,58473
42141,171617
42142,171730
42143,142304
42144,200752
42145,142888
42146,172400
42147,173462
42148,101473
42149,171698
42150,141227
42151,157333
42152,171710
42153,171463
42154,141001
42155,189196
42156,90085
42157,171919
42158,102113
42159,172164
42160,69073
42161,90713
42162,212575
42163,142881
42164,201012
42165,141318
42166,69115
42167,172391
42168,80319
42169,80355
42170,47700
42171,157232
42172,90768
42173,47931
42174,158637
42175,188198
42176,172365
42177,90106
42178,200194
42179,172364
42180,80295
42181,158772
42182,141075
42183,212102
42184,173132
42185,157725
42186,142794
42187,58679
42188,142513
42189,200100
42190,171612
42191,141025
42192,212712
42193,102032
42194,171465
42195,157694
42196,69064
42197,80608
42198,200147
42199,142198
42200,79926
42201,143314
42202,90814
42203,200911
42204,101509
42205,212212
42206,188952
42207,200380
42208,143524
42209,68983
42210,141038
42211,158029
42212,142997
42213,172332
42214,172296
42215,80349
42216,212435
42217,189247
42218,80001
42219,157875
42220,90528
42221,142126
42222,47833
42223,101663
42224,142879
42225,101808
42226,143278
42227,90371
42228,90403
42229,172452
42230,142013
42231,141091
42232,141994
42233,90885
42234,157313
42235,211856
42236,157337
42237,142807
42238,212769
42239,188234
42240,47904
42241,80511
42242,142894
42243,141133
42244,212279
42245,200531
42246,141376
42247,172623
42248,172573
42249,172733
42250,68888
42251,171631
42252,172803
42253,158171
42254,172832
42255,200634
42256,189140
42257,158788
42258,157631
42259,172511
42260,172312
42261,158079
42262,141316
42263,80266
42264,80093
42265,171659
42266,157410
42267,47960
42268,90774
42269,172014
42270,157549
42271,157624
42272,102025
42273,142744
42274,188959
42275,200303
42276,212427
42277,90574
42278,157720
42279,101990
42280,47735
42281,143575
42282,80448
42283,141241
42284,211911
42285,141599
42286,158851
42287,212480
42288,211736
42289,171976
42290,158941
42291,212799
42292,200244
42293,212194
42294,188634
42295,158802
42296,141879
42297,173421
42298,80352
42299,173445
42300,142337
42301,188297
42302,79908
42303,200136
42304,213147
42305,157475
42306,142021
42307,101346
42308,171384
42309,188707
42310,157223
42311,80677
42312,172163
42313,142762
42314,143540
42315,143554
42316,188486
42317,141040
42318,142502
42319,47921
42320,188975
42321,173218
42322,68876
42323,47727
42324,68633
42325,172114
42326,68766
42327,68793
42328,158437
42329,211875
42330,200008
42331,157328
42332,211822
42333,158383
42334,200145
42335,158926
42336,188286
42337,157955
42338,188395
42339,172679
42340,200937
42341,142433
42342,199993
42343,90818
42344,171947
42345,200043
42346,142681
42347,158800
42348,188366
42349,47660
42350,189188
42351,141773
42352,172850
42353,171843
42354,58674
42355,171708
42356,157150
42357,90390
42358,200245
42359,101712
42360,141844
42361,58602
42362,58373
42363,142242
42364,211701
42365,172357
42366,212998
42367,141412
42368,157143
42369,143276
42370,212611
42371,157186
42372,142530
42373,141958
42374,213103
42375,157147
42376,141135
42377,58372
42378,80381
42379,143075
42380,188399
42381,68655
42382,158128
42383,101728
42384,68852
42385,188504
42386,141201
42387,69101
42388,200084
42389,58529
42390,101405
42391,212707
42392,200279
42393,200624
42394,141243
42395,188315
42396,68816
42397,172716
42398,68696
42399,142120
42400,101868
42401,188573
42402,189230
42403,200671
42404,80075
42405,142128
42406,141545
42407,141967
42408,143551
42409,171554
42410,143593
42411,142219
42412,188756
42413,158820
42414,90497
42415,58650
42416,48023
42417,158734
42418,173228
42419,158252
42420,79975
42421,58681
42422,172734
42423,69093
42424,90745
42425,158088
42426,141428
42427,172938
42428,101680
42429,58695
42430,58404
42431,158154
42432,172245
42433,68924
42434,101623
42435,200359
42436,141196
42437,172188
42438,200424
42439,158118
42440,157908
42441,200770
42442,141000
42443,157565
42444,157781
42445,173486
42446,58451
42447,157669
42448,173237
42449,79956
42450,213162
42451,101721
42452,80011
42453,211743
42454,142314
42455,212370
42456,171460
42457,158779
42458,212664
42459,200856
42460,189423
42461,140996
42462,58426
42463,80733
42464,171934
42465,188685
42466,101646
42467,189167
42468,200587
42469,173009
42470,101419
42471,90394
42472,90746
42473,142397
42474,141649
42475,199913
42476,141182
42477,141096
42478,142050
42479,90188
42480,143548
42481,158551
42482,172025
42483,141004
42484,80100
42485,48033
42486,79985
42487,48002
42488,211673
42489,80590
42490,201086
42491,200627
42492,200158
42493,141291
42494,200501
42495,211781
42496,173069
42497,172390
42498,172321
42499,141077
42500,80412
42501,158141
42502,143309
42503,142065
42504,200857
42505,212216
42506,90171
42507,211706
42508,68651
42509,212288
42510,102007
42511,158785
42512,172477
42513,212613
42514,171803
42515,172842
42516,188806
42517,158142
42518,171747
42519,213093
42520,157648
42521,157704
42522,80253
42523,142329
42524,90398
42525,158562
42526,101259
42527,58625
42528,212857
42529,212753
42530,189264
42531,141663
42532,200898
42533,101453
42534,79932
42535,171678
42536,188747
42537,90813
42538,172258
42539,171724
42540,143036
42541,173051
42542,48054
42543,90600
42544,90140
42545,188387
42546,157478
42547,212876
42548,90801
42549,80421
42550,142767
42551,188714
42552,188752
42553,90211
42554,212349
42555,213067
42556,79973
42557,141644
42558,172305
42559,90185
42560,172170
42561,142952
42562,58567
42563,188420
42564,141006
42565,90544
42566,101486
42567,158370
42568,68654
42569,58728
42570,47928
42571,201205
42572,157267
42573,188507
42574,189301
42575,143159
42576,171771
42577,79989
42578,58535
42579,200926
42580,68938
42581,189411
42582,141575
42583,158018
42584,48070
42585,201003
42586,171962
42587,172317
42588,158258
42589,142221
42590,173163
42591,212930
42592,143064
42593,58266
42594,212440
42595,101840
42596,200247
42597,142016
42598,157247
42599,188422
42600,188477
42601,212884
42602,143241
42603,141532
42604,199984
42605,141846
42606,90747
42607,58600
42608,141553
42609,172575
42610,68699
42611,188467
42612,171603
42613,90212
42614,142608
42615,48108
42616,173253
42617,157125
42618,189034
42619,171488
42620,172267
42621,141881
42622,142067
42623,80475
42624,157673
42625,172640
42626,189097
42627,172338
42628,69020
42629,212656
42630,101731
42631,158599
42632,141859
42633,200741
42634,141453
42635,157741
42636,188601
42637,173172
42638,212592
42639,58635
42640,157407
42641,212158
42642,212190
42643,200112
42644,140993
42645,101789
42646,172040
42647,171471
42648,80468
42649,173235
42650,172855
42651,211784
42652,141099
42653,199954
42654,201029
42655,141716
42656,172394
42657,211737
42658,188773
42659,141851
42660,188560
42661,101813
42662,157839
42663,142651
42664,200620
42665,200023
42666,141217
42667,188805
42668,90570
42669,157276
42670,101916
42671,80274
42672,68711
42673,143605
42674,80000
42675,158517
42676,212252
42677,158696
42678,173243
42679,212907
42680,172500
42681,58746
42682,143449
42683,212849
42684,80249
42685,158520
42686,47891
42687,101961
42688,172473
42689,80621
42690,101672
42691,142779
42692,199953
42693,141115
42694,80629
42695,189049
42696,200226
42697,200422
42698,171789
42699,158474
42700,101817
42701,188247
42702,141277
42703,172087
42704,58502
42705,212320
42706,171770
42707,157366
42708,172243
42709,143124
42710,172240
42711,69088
42712,90249
42713,102053
42714,58528
42715,189040
42716,157229
42717,200750
42718,171423
42719,212062
42720,143065
42721,157805
42722,90535
42723,68980
42724,158769
42725,143196
42726,211745
42727,200692
42728,142839
42729,212417
42730,158915
42731,143675
42732,68916
42733,172466
42734,142077
42735,213199
42736,142268
42737,200386
42738,157650
42739,79994
42740,142749
42741,142976
42742,48038
42743,47678
42744,172238
42745,172011
42746,172695
42747,101977
42748,142986
42749,90698
42750,143632
42751,143599
42752,171863
42753,141550
42754,212157
42755,158250
42756,142818
42757,157654
42758,211995
42759,142333
42760,141833
42761,68739
42762,172407
42763,58722
42764,141869
42765,142642
42766,90794
42767,189403
42768,158839
42769,172201
42770,142192
42771,143334
42772,141946
42773,211987
42774,212374
42775,101984
42776,212070
42777,69021
42778,58331
42779,58350
42780,68918
42781,80451
42782,171506
42783,200759
42784,171656
42785,200405
42786,68971
42787,142018
42788,143329
42789,101670
42790,142525
42791,101499
42792,200789
42793,58356
42794,142294
42795,80372
42796,200630
42797,80252
42798,211951
42799,102021
42800,212054
42801,90464
42802,141093
42803,157506
42804,212481
42805,212225
42806,101908
42807,80723
42808,173122
42809,142133
42810,172211
42811,58647
42812,200566
42813,58523
42814,141652
42815,90540
42816,173149
42817,90685
42818,171445
42819,90222
42820,58522
42821,189092
42822,172741
42823,143110
42824,48107
42825,211692
42826,189178
42827,212355
42828,201197
42829,213035
42830,211693
42831,171422
42832,141729
42833,213074
42834,47910
42835,201057
42836,157217
42837,90225
42838,142301
42839,143073
42840,212935
42841,200364
42842,101710
42843,158695
42844,101666
42845,58403
42846,80524
42847,58282
42848,101881
42849,157355
42850,90177
42851,200542
42852,80302
42853,142995
42854,172591
42855,90251
42856,90682
42857,172422
42858,68652
42859,188909
42860,90126
42861,212239
42862,90297
42863,212198
42864,172412
42865,157629
42866,212690
42867,171578
42868,158173
42869,201144
42870,213044
42871,171995
42872,142338
42873,143342
42874,142942
42875,143021
42876,200889
42877,188770
42878,142079
42879,212667
42880,90783
42881,80303
42882,141427
42883,101773
42884,158303
42885,171805
42886,80792
42887,141731
42888,141909
42889,141405
42890,142149
42891,80769
42892,143318
42893,158464
42894,142012
42895,143727
42896,200151
42897,189066
42898,213221
42899,143680
42900,79955
42901,172738
42902,201123
42903,141836
42904,47767
42905,157368
42906,90402
42907,172136
42908,47828
42909,173187
42910,58754
42911,142949
42912,68940
42913,200335
42914,143594
42915,141953
42916,201162
42917,142893
42918,69025
42919,188364
42920,58469
42921,173018
42922,200410
42923,90431
42924,143629
42925,80401
42926,212549
42927,171599
42928,141555
42929,158328
42930,143487
42931,143609
42932,157581
42933,142770
42934,189442
42935,141921
42936,80045
42937,101387
42938,102020
42939,101320
42940,188213
42941,157466
42942,90840
42943,200197
42944,69019
42945,47765
42946,171450
42947,141662
42948,143236
42949,158672
42950,211873
42951,213164
42952,158538
42953,142519
42954,90842
42955,142579
42956,212816
42957,171419
42958,90191
42959,189200
42960,188593
42961,158002
42962,141246
42963,158507
42964,90851
42965,213133
42966,68645
42967,80016
42968,158853
42969,188686
42970,200210
42971,68935
42972,158260
42973,201226
42974,90165
42975,158455
42976,189369
42977,90114
42978,142370
42979,143284
42980,68786
42981,212513
42982,143333
42983,173004
42984,101379
42985,173351
42986,80245
42987,201223
42988,90676
42989,158527
42990,200394
42991,141551
42992,90397
42993,212384
42994,201019
42995,173417
42996,171959
42997,172458
42998,212659
42999,188674
43000,201040
43001,143118
43002,79988
43003,189307
43004,101467
43005,101582
43006,172574
43007,141886
43008,143400
43009,58562
43010,158920
43011,172347
43012,158598
43013,188665
43014,158925
43015,200896
43016,47653
43017,69100
43018,90819
43019,47788
43020,212117
43021,188621
43022,158613
43023,142943
43024,58683
43025,200468
43026,172491
43027,142752
43028,172157
43029,142851
43030,212221
43031,58501
43032,172896
43033,142980
43034,172427
43035,141829
43036,171610
43037,141952
43038,58713
43039,80250
43040,171443
43041,142938
43042,172465
43043,58737
43044,201244
43045,141297
43046,142148
43047,143479
43048,90587
43049,90799
43050,158760
43051,212052
43052,101277
43053,58363
43054,212395
43055,47952
43056,142686
43057,141986
43058,171581
43059,101287
43060,189171
43061,173328
43062,141763
43063,141587
43064,172506
43065,212563
43066,171563
43067,212609
43068,201269
43069,173370
43070,47702
43071,188791
43072,80600
43073,48123
43074,213200
43075,157257
43076,200143
43077,157931
43078,68818
43079,200116
43080,90479
43081,101736
43082,157304
43083,141105
43084,200175
43085,157765
43086,47897
43087,188299
43088,143116
43089,172086
43090,80040
43091,142207
43092,189291
43093,189262
43094,172529
43095,142255
43096,157537
43097,200990
43098,47837
43099,172811
43100,58330
43101,157193
43102,68721
43103,158319
43104,58775
43105,213106
43106,200685
43107,141189
43108,172453
43109,142821
43110,143127
43111,142348
43112,189061
43113,142169
43114,47922
43115,212129
43116,90129
43117,171932
43118,80609
43119,90449
43120,158459
43121,212871
43122,142691
43123,142783
43124,158828
43125,172366
43126,173280
43127,80376
43128,200537
43129,157240
43130,172913
43131,172460
43132,58437
43133,200592
43134,80159
43135,141236
43136,212335
43137,211967
43138,200024
43139,141442
43140,68646
43141,188459
43142,142908
43143,90330
43144,173249
43145,200092
43146,172759
43147,212578
43148,171761
43149,157112
43150,212008
43151,188288
43152,212773
43153,171385
43154,211899
43155,158227
43156,172660
43157,157417
43158,143037
43159,172844
43160,157121
43161,68756
43162,201133
43163,157242
43164,158539
43165,80738
43166,212421
43167,157678
43168,212323
43169,142694
43170,173047
43171,173126
43172,200563
43173,189435
43174,142599
43175,158039
43176,101995
43177,48043
43178,58558
43179,158237
43180,80243
43181,201093
43182,158519
43183,172173
43184,90863
43185,141110
43186,188938
43187,172856
43188,212270
43189,80304
43190,141781
43191,68624
43192,157909
43193,141369
43194,171485
43195,158416
43196,80726
43197,80156
43198,141463
43199,158848
43200,158644
43201,90230
43202,158765
43203,90384
43204,90771
43205,47667
43206,58323
43207,69111
43208,173415
43209,143354
43210,58316
43211,80599
43212,47872
43213,189431
43214,143666
43215,188871
43216,189009
43217,158313
43218,157459
43219,201277
43220,158601
43221,157300
43222,212776
43223,101674
43224,101343
43225,211677
43226,200975
43227,68863
43228,47948
43229,142360
43230,188816
43231,90247
43232,158162
43233,79948
43234,172237
43235,48012
43236,172676
43237,212160
43238,101556
43239,201130
43240,172555
43241,141368
43242,58458
43243,173116
43244,188170
43245,80647
43246,189001
43247,143411
43248,101422
43249,157199
43250,188258
43251,173074
43252,172436
43253,173171
43254,189284
43255,199929
43256,200071
43257,101732
43258,69046
43259,101565
43260,212147
43261,157502
43262,201209
43263,58554
43264,173113
43265,188478
43266,173285
43267,58566
43268,188940
43269,143080
43270,173299
43271,141927
43272,101925
43273,69069
43274,173145
43275,58453
43276,189312
43277,68832
43278,69054
43279,58714
43280,212405
43281,212751
43282,143117
43283,200342
43284,157207
43285,101580
43286,142540
43287,172895
43288,212941
43289,80485
43290,201077
43291,80090
43292,188177
43293,80320
43294,157154
43295,157263
43296,188817
43297,69094
43298,68955
43299,158149
43300,80171
43301,80487
43302,172229
43303,158475
43304,142683
43305,79907
43306,80146
43307,80310
43308,158176
43309,142521
43310,80577
43311,200900
43312,200576
43313,47896
43314,201279
43315,172313
43316,189261
43317,157680
43318,172689
43319,200287
43320,212703
43321,212526
43322,80154
43323,171433
43324,141647
43325,200397
43326,58297
43327,173323
43328,188173
43329,142802
43330,211839
43331,173129
43332,200387
43333,172714
43334,212112
43335,171692
43336,188426
43337,90146
43338,188242
43339,158390
43340,80557
43341,213097
43342,172128
43343,172866
43344,142800
43345,189275
43346,213198
43347,172980
43348,189019
43349,200648
43350,47697
43351,142177
43352,143574
43353,212051
43354,189096
43355,90265
43356,143183
43357,172498
43358,143089
43359,101645
43360,211976
43361,48046
43362,141281
43363,90788
43364,171769
43365,101318
43366,189086
43367,200716
43368,171917
43369,211969
43370,200449
43371,171895
43372,141324
43373,80398
43374,90848
43375,212628
43376,47664
43377,80190
43378,142381
43379,141266
43380,143428
43381,212709
43382,141838
43383,200981
43384,211770
43385,48065
43386,172219
43387,68826
43388,90324
43389,200153
43390,101799
43391,211882
43392,171416
43393,58384
43394,172802
43395,189450
43396,141385
43397,47698
43398,188397
43399,200474
43400,90751
43401,201033
43402,80482
43403,173196
43404,188415
43405,79959
43406,172456
43407,141311
43408,142827
43409,141521
43410,201142
43411,172633
43412,141339
43413,211802
43414,158803
43415,157634
43416,158032
43417,158910
43418,200332
43419,173359
43420,80473
43421,188309
43422,158047
43423,201059
43424,47827
43425,143678
43426,68970
43427,171597
43428,189371
43429,80299
43430,68974
43431,142528
43432,172730
43433,212601
43434,158917
43435,173485
43436,157803
43437,142604
43438,102112
43439,143071
43440,141834
43441,90409
43442,142045
43443,141313
43444,211811
43445,201270
43446,200730
43447,200974
43448,200384
43449,47692
43450,80109
43451,200540
43452,211971
43453,68879
43454,200219
43455,48082
43456,90839
43457,102030
43458,90889
43459,142971
43460,158833
43461,211785
43462,141306
43463,102036
43464,142887
43465,143606
43466,157137
43467,141120
43468,200980
43469,142713
43470,80739
43471,188419
43472,102094
43473,101688
43474,172353
43475,80685
43476,58326
43477,172713
43478,157668
43479,189295
43480,80129
43481,189372
43482,101296
43483,58386
43484,188410
43485,200428
43486,158884
43487,157539
43488,315479
43489,316793
43490,225798
43491,70563
43492,93513
43493,299581
43494,60532
43495,355145
43496,401511
43497,76321
43498,373466
43499,133375
43500,377057
43501,401173
43502,233742
43503,438888
43504,285534
43505,169492
43506,1480
43507,445299
43508,236225
43509,373799
43510,410084
43511,224815
43512,375169
43513,189587
43514,309105
43515,226535
43516,218013
43517,374666
43518,134603
43519,383817
43520,359436
43521,303101
43522,325565
43523,303188
43524,232148
43525,322556
43526,358548
43527,134757
43528,239280
43529,204138
43530,132002
43531,238513
43532,220082
43533,485058
43534,88765
43535,82992
43536,374958
43537,371448
43538,389301
43539,274505
43540,362814
43541,347704
43542,455775
43543,414914
43544,272263
43545,189567
43546,324071
43547,392265
43548,479348
43549,311875
43550,326813
43551,462012
43552,474938
43553,57601
43554,464843
43555,109061
43556,357624
43557,98665
43558,362041
43559,148264
43560,89454
43561,472476
43562,47312
43563,482842
43564,224880
43565,49724
43566,285614
43567,234956
43568,371602
43569,81996
43570,488038
43571,389135
43572,355072
43573,145055
43574,65650
43575,216220
43576,337988
43577,31004
43578,37583
43579,248840
43580,251512
43581,308138
43582,66535
43583,192149
43584,249108
43585,66645
43586,67803
43587,335992
43588,366491
43589,365330
43590,347794
43591,178420
43592,264259
43593,97460
43594,360928
43595,93544
43596,236221
43597,18635
43598,300925
43599,26181
43600,216439
43601,269804
43602,308990
43603,383506
43604,371658
43605,99948
43606,300791
43607,383637
43608,133364
43609,281100
43610,446393
43611,148301
43612,360810
43613,217986
43614,218204
43615,11466
43616,79813
43617,310735
43618,15700
43619,21692
43620,231906
43621,83158
43622,257401
43623,357652
43624,303091
43625,67678
43626,456624
43627,251537
43628,438849
43629,217848
43630,126874
43631,204118
43632,291052
43633,464792
43634,57255
43635,316861
43636,163553
43637,452523
43638,21794
43639,281938
43640,367548
43641,15686
43642,76386
43643,470506
43644,191896
43645,37851
43646,284283
43647,46750
43648,396026
43649,193478
43650,292218
43651,233230
43652,401633
43653,401502
43654,79654
43655,67659
43656,169501
43657,114385
43658,386771
43659,319820
43660,112145
43661,169335
43662,343056
43663,160126
43664,118555
43665,59574
43666,409880
43667,470641
43668,81911
43669,331344
43670,244731
43671,250330
43672,101170
43673,185881
43674,222354
43675,304278
43676,144885
43677,273196
43678,166613
43679,114235
43680,15598
43681,338383
43682,5794
43683,143756
43684,383123
43685,115736
43686,115686
43687,324152
43688,380124
43689,226856
43690,155116
43691,137292
43692,360867
43693,239941
43694,455804
43695,58075
43696,54762
43697,70554
43698,336947
43699,342338
43700,462810
43701,59741
43702,354457
43703,483968
43704,444028
43705,217997
43706,421270
43707,336974
43708,178717
43709,89496
43710,174966
43711,89773
43712,115618
43713,37752
43714,47496
43715,292550
43716,217710
43717,462854
43718,37559
43719,304226
43720,339306
43721,475219
43722,37766
43723,273243
43724,325752
43725,443409
43726,387089
43727,370833
43728,357593
43729,325488
43730,46777
43731,326875
43732,370512
43733,322584
43734,353432
43735,420865
43736,126724
43737,371422
43738,347828
43739,57132
43740,366320
43741,37548
43742,465384
43743,207648
43744,139436
43745,262949
43746,205570
43747,285464
43748,185962
43749,238492
43750,6114
43751,448933
43752,446406
43753,201533
43754,370669
43755,459757
43756,405509
43757,222436
43758,275371
43759,300894
43760,401367
43761,282873
43762,13621
43763,54687
43764,163356
43765,262929
43766,475284
43767,356011
43768,292097
43769,47268
43770,371414
43771,357863
43772,332053
43773,115695
43774,303166
43775,193830
43776,222494
43777,392235
43778,57707
43779,70448
43780,204218
43781,151912
43782,369488
43783,455816
43784,49673
43785,250204
43786,377055
43787,244645
43788,333777
43789,216352
43790,25970
43791,448911
43792,93406
43793,25907
43794,100471
43795,366533
43796,182399
43797,349581
43798,104289
43799,11349
43800,247408
43801,332141
43802,193692
43803,389291
43804,332012
43805,291159
43806,44625
43807,247398
43808,37629
43809,409940
43810,333023
43811,310743
43812,430702
43813,292585
43814,136226
43815,383800
43816,239139
43817,374894
43818,309431
43819,401251
43820,222432
43821,166517
43822,300949
43823,77612
43824,283147
43825,163841
43826,281029
43827,220029
43828,336157
43829,244736
43830,281978
43831,182497
43832,374903
43833,470661
43834,465521
43835,316889
43836,398715
43837,292080
43838,6177
43839,310798
43840,275463
43841,292337
43842,129704
43843,405576
43844,466961
43845,201589
43846,220095
43847,57152
43848,370932
43849,108261
43850,473408
43851,193826
43852,78927
43853,60657
43854,238556
43855,81921
43856,78945
43857,482427
43858,332068
43859,28647
43860,227278
43861,100973
43862,260185
43863,315605
43864,451850
43865,193649
43866,230593
43867,383352
43868,248770
43869,1737
43870,269895
43871,387104
43872,398698
43873,57510
43874,469522
43875,415105
43876,438097
43877,405256
43878,273320
43879,178781
43880,79211
43881,11611
43882,447689
43883,382655
43884,235988
43885,65523
43886,89639
43887,87629
43888,134574
43889,148437
43890,112792
43891,310849
43892,366529
43893,250138
43894,457549
43895,178929
43896,337130
43897,79545
43898,92176
43899,205577
43900,92121
43901,476464
43902,300807
43903,448412
43904,292230
43905,207480
43906,421559
43907,454635
43908,354447
43909,129738
43910,174958
43911,373495
43912,5755
43913,15652
43914,204099
43915,392347
43916,57016
43917,67530
43918,261611
43919,46920
43920,191952
43921,47422
43922,144997
43923,66665
43924,430656
43925,410048
43926,294013
43927,322366
43928,197760
43929,137403
43930,78792
43931,338359
43932,475317
43933,15697
43934,126721
43935,89510
43936,217998
43937,27221
43938,15728
43939,282693
43940,282781
43941,357876
43942,370728
43943,70544
43944,457216
43945,346776
43946,216193
43947,213571
43948,134474
43949,389421
43950,230573
43951,143832
43952,410190
43953,383179
43954,41704
43955,57034
43956,328009
43957,178892
43958,401724
43959,182449
43960,112914
43961,336980
43962,311726
43963,487960
43964,383204
43965,89928
43966,362552
43967,109015
43968,5894
43969,371099
43970,97243
43971,238581
43972,21722
43973,169279
43974,485422
43975,57609
43976,319980
43977,383374
43978,322535
43979,409744
43980,55833
43981,230322
43982,347745
43983,100188
43984,401285
43985,57677
43986,205743
43987,47417
43988,173781
43989,336160
43990,282716
43991,13301
43992,86275
43993,100397
43994,34309
43995,248650
43996,450800
43997,309286
43998,311964
43999,57451
44000,108365
44001,300845
44002,466777
44003,26185
44004,34357
44005,27425
44006,68160
44007,414827
44008,76253
44009,257485
44010,178479
44011,319999
44012,133018
44013,358015
44014,367557
44015,186074
44016,336043
44017,281848
44018,317077
44019,98625
44020,470517
44021,409843
44022,163393
44023,366342
44024,217968
44025,435961
44026,220241
44027,340388
44028,233737
44029,25960
44030,328206
44031,182416
44032,86450
44033,112794
44034,451148
44035,30803
44036,11920
44037,189505
44038,386455
44039,126951
44040,261502
44041,234840
44042,448804
44043,86305
44044,169352
44045,185789
44046,366494
44047,405281
44048,195423
44049,189520
44050,251535
44051,232131
44052,336065
44053,340499
44054,83154
44055,376616
44056,82971
44057,376956
44058,57820
44059,244885
44060,148697
44061,283064
44062,15692
44063,230315
44064,389271
44065,269898
44066,325346
44067,369538
44068,371364
44069,263163
44070,78868
44071,303047
44072,451160
44073,354394
44074,435866
44075,461962
44076,409920
44077,421007
44078,421483
44079,358050
44080,222163
44081,27335
44082,421501
44083,230643
44084,69510
44085,226600
44086,134705
44087,79186
44088,315427
44089,81929
44090,322463
44091,47270
44092,461927
44093,308037
44094,464757
44095,118660
44096,275377
44097,360761
44098,21750
44099,46682
44100,430607
44101,160175
44102,430849
44103,37560
44104,410153
44105,373312
44106,79660
44107,449281
44108,11395
44109,415053
44110,401144
44111,238565
44112,337002
44113,462910
44114,485050
44115,66511
44116,205755
44117,77580
44118,273498
44119,483982
44120,195605
44121,46984
44122,21668
44123,239275
44124,363025
44125,318582
44126,60501
44127,383187
44128,55817
44129,138110
44130,83181
44131,370517
44132,459773
44133,421810
44134,365100
44135,182443
44136,6257
44137,60477
44138,386719
44139,11317
44140,129687
44141,383745
44142,98777
44143,45595
44144,293773
44145,309447
44146,78753
44147,57093
44148,25848
44149,78692
44150,132531
44151,79678
44152,25983
44153,248676
44154,163577
44155,133924
44156,138827
44157,182512
44158,426171
44159,421445
44160,205819
44161,374715
44162,336120
44163,441960
44164,311801
44165,247474
44166,78683
44167,263082
44168,274543
44169,185998
44170,178832
44171,125480
44172,336057
44173,447666
44174,363107
44175,100862
44176,295281
44177,405504
44178,163354
44179,370330
44180,338321
44181,264046
44182,392318
44183,125478
44184,263141
44185,251513
44186,349135
44187,1606
44188,426247
44189,232083
44190,117998
44191,244878
44192,44666
44193,11393
44194,376385
44195,300917
44196,225668
44197,217941
44198,421230
44199,248592
44200,100426
44201,1831
44202,79562
44203,118017
44204,347838
44205,169222
44206,362320
44207,18662
44208,197765
44209,195422
44210,92117
44211,155077
44212,386417
44213,389384
44214,89730
44215,100305
44216,197854
44217,475321
44218,138785
44219,480153
44220,447696
44221,328303
44222,46517
44223,118671
44224,386860
44225,261538
44226,76291
44227,58090
44228,445238
44229,100323
44230,148428
44231,68481
44232,217676
44233,239777
44234,30988
44235,47560
44236,451195
44237,342334
44238,340478
44239,79709
44240,88930
44241,382697
44242,230636
44243,282935
44244,375180
44245,114213
44246,345403
44247,285461
44248,5845
44249,350598
44250,261765
44251,106100
44252,97398
44253,357548
44254,401722
44255,247502
44256,129559
44257,371116
44258,333759
44259,284220
44260,89087
44261,459154
44262,57612
44263,392352
44264,240722
44265,30773
44266,410288
44267,109123
44268,283213
44269,128348
44270,485493
44271,134613
44272,284229
44273,104187
44274,383062
44275,195593
44276,360716
44277,135128
44278,226905
44279,114869
44280,21613
44281,103143
44282,273285
44283,160146
44284,331325
44285,421257
44286,46758
44287,315502
44288,241730
44289,108272
44290,446768
44291,289751
44292,295112
44293,220060
44294,398726
44295,376379
44296,133066
44297,350705
44298,357606
44299,27192
44300,143992
44301,261652
44302,89081
44303,281857
44304,486541
44305,58248
44306,306796
44307,367490
44308,340414
44309,166556
44310,68077
44311,135177
44312,273209
44313,169344
44314,57444
44315,69685
44316,104206
44317,452091
44318,353482
44319,216211
44320,173721
44321,247298
44322,54946
44323,325695
44324,352377
44325,68343
44326,335959
44327,191794
44328,11838
44329,421649
44330,15655
44331,11153
44332,392111
44333,232103
44334,392289
44335,173614
44336,89351
44337,257325
44338,475022
44339,474939
44340,166603
44341,163892
44342,461162
44343,230367
44344,480129
44345,263224
44346,442619
44347,30897
44348,115762
44349,389208
44350,197893
44351,67522
44352,239294
44353,438445
44354,205297
44355,178766
44356,383057
44357,11299
44358,193207
44359,446387
44360,67829
44361,106115
44362,414906
44363,129619
44364,325529
44365,213365
44366,191956
44367,234885
44368,79570
44369,56960
44370,197757
44371,457348
44372,205780
44373,445264
44374,443380
44375,260330
44376,375035
44377,462887
44378,373695
44379,362633
44380,472522
44381,362403
44382,358553
44383,15680
44384,226728
44385,383362
44386,226558
44387,54912
44388,470568
44389,376941
44390,55954
44391,392007
44392,58061
44393,197891
44394,68046
44395,464775
44396,357799
44397,209397
44398,476880
44399,339301
44400,457424
44401,469520
44402,166754
44403,462824
44404,144895
44405,139518
44406,264265
44407,163538
44408,383138
44409,281194
44410,386641
44411,48620
44412,101027
44413,401640
44414,261587
44415,117962
44416,442601
44417,37587
44418,97231
44419,291168
44420,28650
44421,326852
44422,195479
44423,338006
44424,447683
44425,409934
44426,134464
44427,343068
44428,193510
44429,204194
44430,240691
44431,89695
44432,452184
44433,420925
44434,114299
44435,5802
44436,395994
44437,235044
44438,355878
44439,366516
44440,342995
44441,97362
44442,34066
44443,79682
44444,373388
44445,415128
44446,238523
44447,227307
44448,241731
44449,216360
44450,355091
44451,193535
44452,217857
44453,376309
44454,362096
44455,437351
44456,260400
44457,174764
44458,263219
44459,382402
44460,449307
44461,370824
44462,182442
44463,25893
44464,487945
44465,204284
44466,197587
44467,216178
44468,226486
44469,365328
44470,447303
44471,319866
44472,174832
44473,350639
44474,272095
44475,160045
44476,93565
44477,205459
44478,218107
44479,285708
44480,11398
44481,377095
44482,355962
44483,282981
44484,217715
44485,201454
44486,226660
44487,45641
44488,248713
44489,272097
44490,39040
44491,459812
44492,325666
44493,373930
44494,174789
44495,70442
44496,100203
44497,82059
44498,30733
44499,353404
44500,144837
44501,57379
44502,11777
44503,5882
44504,18296
44505,18354
44506,356184
44507,291094
44508,178730
44509,46454
44510,358916
44511,216411
44512,152065
44513,217870
44514,295245
44515,469552
44516,421980
44517,195643
44518,441941
44519,324151
44520,21755
44521,67780
44522,479382
44523,148580
44524,233331
44525,418012
44526,195604
44527,120078
44528,173497
44529,338007
44530,473383
44531,450794
44532,193360
44533,186033
44534,365405
44535,425857
44536,338304
44537,137417
44538,148478
44539,470752
44540,449408
44541,483966
44542,182627
44543,133717
44544,67737
44545,89267
44546,148585
44547,247420
44548,462819
44549,333781
44550,358105
44551,86357
44552,442504
44553,27191
44554,336096
44555,217692
44556,204052
44557,339288
44558,295366
44559,57946
44560,410312
44561,449340
44562,487200
44563,251480
44564,197746
44565,69616
44566,442623
44567,27169
44568,441946
44569,282007
44570,405558
44571,236037
44572,54852
44573,374904
44574,455760
44575,56914
44576,47475
44577,56066
44578,1521
44579,375114
44580,37825
44581,283127
44582,389326
44583,247476
44584,446371
44585,363146
44586,338313
44587,373929
44588,450752
44589,79227
44590,185904
44591,371298
44592,441921
44593,195392
44594,5724
44595,347792
44596,5855
44597,315550
44598,247376
44599,452111
44600,436018
44601,262968
44602,155150
44603,230327
44604,316909
44605,57982
44606,304283
44607,281974
44608,273431
44609,395869
44610,76285
44611,225658
44612,456587
44613,350627
44614,371280
44615,415023
44616,225728
44617,409905
44618,118606
44619,148353
44620,173551
44621,274566
44622,11788
44623,310755
44624,57928
44625,120097
44626,405373
44627,274491
44628,133410
44629,382421
44630,45636
44631,131945
44632,484038
44633,48587
44634,310810
44635,365246
44636,357533
44637,100330
44638,144942
44639,401143
44640,67446
44641,46381
44642,285604
44643,373311
44644,272079
44645,209280
44646,371109
44647,462658
44648,79877
44649,319865
44650,326812
44651,417990
44652,174993
44653,333808
44654,57575
44655,222426
44656,173698
44657,355959
44658,326787
44659,195456
44660,405273
44661,227281
44662,475271
44663,260437
44664,189627
44665,67566
44666,112076
44667,292251
44668,318550
44669,366486
44670,250194
44671,479363
44672,316962
44673,18368
44674,345345
44675,392302
44676,100757
44677,109800
44678,449326
44679,230405
44680,77614
44681,182372
44682,410035
44683,465379
44684,370448
44685,125391
44686,185708
44687,233529
44688,484047
44689,309269
44690,446790
44691,27358
44692,374814
44693,461241
44694,49891
44695,240784
44696,285715
44697,275306
44698,46925
44699,264038
44700,244749
44701,148646
44702,118656
44703,437353
44704,217991
44705,339336
44706,46755
44707,174749
44708,163415
44709,272209
44710,49838
44711,197766
44712,386601
44713,148706
44714,376694
44715,137391
44716,57358
44717,115685
44718,290999
44719,34039
44720,371507
44721,247406
44722,464722
44723,282039
44724,342979
44725,454641
44726,34078
44727,18556
44728,79090
44729,6254
44730,218218
44731,421748
44732,436019
44733,106976
44734,233713
44735,126834
44736,100183
44737,57879
44738,178814
44739,284317
44740,260386
44741,405490
44742,389087
44743,382407
44744,100752
44745,322475
44746,338166
44747,302062
44748,260313
44749,78814
44750,362599
44751,13385
44752,338000
44753,371227
44754,430657
44755,106087
44756,148402
44757,480213
44758,239864
44759,292318
44760,370700
44761,104191
44762,1785
44763,248806
44764,328156
44765,315324
44766,401310
44767,144919
44768,292397
44769,382318
44770,362348
44771,114261
44772,118016
44773,205686
44774,79593
44775,89676
44776,209289
44777,226673
44778,285572
44779,376865
44780,374644
44781,323931
44782,222465
44783,360911
44784,405588
44785,227231
44786,318705
44787,461986
44788,101200
44789,366480
44790,98810
44791,227785
44792,69675
44793,450818
44794,227936
44795,257377
44796,118610
44797,89201
44798,226753
44799,474940
44800,18698
44801,148518
44802,216295
44803,374959
44804,362942
44805,174774
44806,132518
44807,362093
44808,78966
44809,398738
44810,18639
44811,360917
44812,204128
44813,332966
44814,11330
44815,227829
44816,207463
44817,349657
44818,284182
44819,112974
44820,55936
44821,48615
44822,250147
44823,446920
44824,93358
44825,444087
44826,450830
44827,437984
44828,405371
44829,386862
44830,365210
44831,421976
44832,421918
44833,282034
44834,166704
44835,274485
44836,249011
44837,473389
44838,354430
44839,359438
44840,158949
44841,446882
44842,376767
44843,77618
44844,193433
44845,311977
44846,425919
44847,169276
44848,292530
44849,358120
44850,356120
44851,109857
44852,414925
44853,197791
44854,360743
44855,201509
44856,233613
44857,178920
44858,69596
44859,457521
44860,383404
44861,272096
44862,189697
44863,204081
44864,337109
44865,118563
44866,46917
44867,137350
44868,69677
44869,27202
44870,472495
44871,284261
44872,318591
44873,383548
44874,373862
44875,1846
44876,401187
44877,306833
44878,461176
44879,207442
44880,250337
44881,247530
44882,227360
44883,232203
44884,169443
44885,209614
44886,28600
44887,263214
44888,185783
44889,44650
44890,67688
44891,466903
44892,213311
44893,100890
44894,386965
44895,435917
44896,114193
44897,148757
44898,383444
44899,405516
44900,383416
44901,89839
44902,464741
44903,383342
44904,86271
44905,452173
44906,473350
44907,317350
44908,437296
44909,178631
44910,373395
44911,482276
44912,410330
44913,145038
44914,115740
44915,47258
44916,257494
44917,108372
44918,328049
44919,457435
44920,59628
44921,98826
44922,11710
44923,86274
44924,49750
44925,131964
44926,375025
44927,316764
44928,217962
44929,275319
44930,275263
44931,104151
44932,54841
44933,65468
44934,401179
44935,325496
44936,197838
44937,450801
44938,343891
44939,222485
44940,281249
44941,409697
44942,236123
44943,251618
44944,318742
44945,70344
44946,239932
44947,38032
44948,328306
44949,101092
44950,285517
44951,11200
44952,216422
44953,48662
44954,67628
44955,13650
44956,319740
44957,273566
44958,357630
44959,247235
44960,1716
44961,128450
44962,283153
44963,273651
44964,186001
44965,174763
44966,395846
44967,357663
44968,133132
44969,291089
44970,98614
44971,480159
44972,54825
44973,148611
44974,260360
44975,236236
44976,89699
44977,89818
44978,446381
44979,232114
44980,174725
44981,114333
44982,163701
44983,261426
44984,392268
44985,46576
44986,26107
44987,68119
44988,349100
44989,261701
44990,148261
44991,382785
44992,300800
44993,482305
44994,79551
44995,301958
44996,230507
44997,486566
44998,235996
44999,336913
45000,178698
45001,54895
45002,340454
45003,139559
45004,225773
45005,106224
45006,464657
45007,21790
45008,182365
45009,30843
45010,192049
45011,77413
45012,326994
45013,409909
45014,455827
45015,144862
45016,357736
45017,325660
45018,373657
45019,230362
45020,236044
45021,56021
45022,261957
45023,100319
45024,120002
45025,144978
45026,371203
45027,238557
45028,291033
45029,392182
45030,148617
45031,89208
45032,442518
45033,204051
45034,290973
45035,98590
45036,49576
45037,97457
45038,410097
45039,366440
45040,148765
45041,57845
45042,239325
45043,318482
45044,83072
45045,195547
45046,357886
45047,304307
45048,89393
45049,263048
45050,125474
45051,227354
45052,325257
45053,217979
45054,78985
45055,46572
45056,289823
45057,293764
45058,34107
45059,6025
45060,169435
45061,374626
45062,435888
45063,332047
45064,421505
45065,193675
45066,452107
45067,469442
45068,201427
45069,173683
45070,470747
45071,218187
45072,314191
45073,355116
45074,320060
45075,449497
45076,309389
45077,88796
45078,6278
45079,414954
45080,31130
45081,314009
45082,325563
45083,338318
45084,485061
45085,474942
45086,193204
45087,11627
45088,79840
45089,303174
45090,233680
45091,79450
45092,448881
45093,328098
45094,465434
45095,339523
45096,451771
45097,389396
45098,125459
45099,375291
45100,354263
45101,227182
45102,117993
45103,18613
45104,37767
45105,414982
45106,89790
45107,207636
45108,283007
45109,376269
45110,18419
45111,326920
45112,269872
45113,163437
45114,100623
45115,68379
45116,274527
45117,133075
45118,449394
45119,27307
45120,100477
45121,465468
45122,100023
45123,348953
45124,371586
45125,405590
45126,386457
45127,485082
45128,207448
45129,299632
45130,123917
45131,57955
45132,100345
45133,217794
45134,273324
45135,362820
45136,370724
45137,21805
45138,455762
45139,235118
45140,464735
45141,114921
45142,57765
45143,311976
45144,41625
45145,126923
45146,175019
45147,449246
45148,272167
45149,220170
45150,219996
45151,178498
45152,361953
45153,100134
45154,272038
45155,461164
45156,310867
45157,382702
45158,67519
45159,358025
45160,343954
45161,18421
45162,465350
45163,218085
45164,373451
45165,220012
45166,57002
45167,195401
45168,112795
45169,333070
45170,100254
45171,201563
45172,446772
45173,114201
45174,426227
45175,11871
45176,41656
45177,311948
45178,121712
45179,138116
45180,28617
45181,21731
45182,244657
45183,405296
45184,82090
45185,425903
45186,375171
45187,166551
45188,89872
45189,133962
45190,128303
45191,120036
45192,461923
45193,100091
45194,76331
45195,338371
45196,55815
45197,376521
45198,421458
45199,291097
45200,430576
45201,448376
45202,347810
45203,233568
45204,163360
45205,358065
45206,389233
45207,83177
45208,13555
45209,328183
45210,204225
45211,365148
45212,57594
45213,125495
45214,100736
45215,205298
45216,152046
45217,79679
45218,376797
45219,133836
45220,217895
45221,1601
45222,314073
45223,264352
45224,425849
45225,227309
45226,217907
45227,356118
45228,356033
45229,69608
45230,207533
45231,332014
45232,338233
45233,459799
45234,347668
45235,11338
45236,282898
45237,382694
45238,145085
45239,160280
45240,261915
45241,383808
45242,401280
45243,377230
45244,282017
45245,76284
45246,469544
45247,93488
45248,57265
45249,134220
45250,76308
45251,108337
45252,380213
45253,337051
45254,134157
45255,310809
45256,57227
45257,448364
45258,205605
45259,134200
45260,326844
45261,134421
45262,169433
45263,281184
45264,392040
45265,362725
45266,233753
45267,273546
45268,77586
45269,317281
45270,11111
45271,320018
45272,328033
45273,261643
45274,192191
45275,104116
45276,195398
45277,333783
45278,114248
45279,331347
45280,227348
45281,227398
45282,49889
45283,314099
45284,34198
45285,99895
45286,392171
45287,420901
45288,293924
45289,464774
45290,309439
45291,79652
45292,367529
45293,189470
45294,323936
45295,325575
45296,139464
45297,209456
45298,47128
45299,30809
45300,159040
45301,311781
45302,476951
45303,98822
45304,37554
45305,133036
45306,244633
45307,309213
45308,293817
45309,213608
45310,382293
45311,222148
45312,257419
45313,70350
45314,376453
45315,349029
45316,366570
45317,482400
45318,163855
45319,158996
45320,6042
45321,93451
45322,362423
45323,365219
45324,360809
45325,57312
45326,60674
45327,192190
45328,371300
45329,104247
45330,285366
45331,401331
45332,78968
45333,154938
45334,13617
45335,325596
45336,226836
45337,132011
45338,25732
45339,244695
45340,448870
45341,209373
45342,89043
45343,169420
45344,144940
45345,251402
45346,207412
45347,100499
45348,217766
45349,145129
45350,444031
45351,34127
45352,401806
45353,191850
45354,441875
45355,79113
45356,482417
45357,97379
45358,11754
45359,133288
45360,131998
45361,373667
45362,120860
45363,93571
45364,445239
45365,371018
45366,239915
45367,450774
45368,239213
45369,420873
45370,109815
45371,469595
45372,269928
45373,101201
45374,382837
45375,185946
45376,371335
45377,273505
45378,126818
45379,68006
45380,109831
45381,291106
45382,46947
45383,451236
45384,414853
45385,201480
45386,233778
45387,6183
45388,274557
45389,347748
45390,264317
45391,226492
45392,304327
45393,70395
45394,86334
45395,225635
45396,248761
45397,453978
45398,409961
45399,257301
45400,239317
45401,99982
45402,231964
45403,354299
45404,392165
45405,355858
45406,226567
45407,134605
45408,383237
45409,315530
45410,123798
45411,104306
45412,97262
45413,314085
45414,106913
45415,373882
45416,98579
45417,367559
45418,281227
45419,89643
45420,192176
45421,195664
45422,377291
45423,332097
45424,83230
45425,133431
45426,466791
45427,319756
45428,239144
45429,57320
45430,65507
45431,377268
45432,371608
45433,86495
45434,469567
45435,25778
45436,426040
45437,338016
45438,115746
45439,338058
45440,486547
45441,13663
45442,189753
45443,386947
45444,77316
45445,133541
45446,86336
45447,11383
45448,89120
45449,445245
45450,118636
45451,220253
45452,273388
45453,79453
45454,373365
45455,446762
45456,387001
45457,349708
45458,56028
45459,46569
45460,78914
45461,46990
45462,54698
45463,479351
45464,133238
45465,304220
45466,362996
45467,27418
45468,148797
45469,485063
45470,389116
45471,226645
45472,363058
45473,13511
45474,175034
45475,437294
45476,340504
45477,476936
45478,448799
45479,189574
45480,386888
45481,27130
45482,235048
45483,47192
45484,204212
45485,309087
45486,109031
45487,383883
45488,6012
45489,39037
45490,306852
45491,30933
45492,115691
45493,48711
45494,217733
45495,89974
45496,148331
45497,77373
45498,47323
45499,457317
45500,293822
45501,66650
45502,108208
45503,306708
45504,57846
45505,205609
45506,79642
45507,483969
45508,193713
45509,207649
45510,365466
45511,239341
45512,207521
45513,26111
45514,57926
45515,209392
45516,25719
45517,452158
45518,469619
45519,405628
45520,57038
45521,365266
45522,159073
45523,421986
45524,421826
45525,376933
45526,462846
45527,349139
45528,340461
45529,401671
45530,260341
45531,56089
45532,57567
45533,452058
45534,417922
45535,362931
45536,446750
45537,289961
45538,58127
45539,295297
45540,376371
45541,18645
45542,189679
45543,284336
45544,480111
45545,248983
45546,25805
45547,366358
45548,195552
45549,339418
45550,316908
45551,336934
45552,21747
45553,342988
45554,367567
45555,365439
45556,421358
45557,358055
45558,125477
45559,322491
45560,314057
45561,365491
45562,133284
45563,415147
45564,362617
45565,216170
45566,365229
45567,175077
45568,387014
45569,421351
45570,383682
45571,317293
45572,213485
45573,346730
45574,13352
45575,374704
45576,421572
45577,49667
45578,373472
45579,304277
45580,401410
45581,48716
45582,414935
45583,195525
45584,11449
45585,327995
45586,455719
45587,386659
45588,311733
45589,178604
45590,376554
45591,332077
45592,58093
45593,370727
45594,39005
45595,58037
45596,21728
45597,370887
45598,67671
45599,251401
45600,476441
45601,76198
45602,370942
45603,81944
45604,37798
45605,118568
45606,289734
45607,81932
45608,54788
45609,58241
45610,120103
45611,92031
45612,139463
45613,222319
45614,248663
45615,236084
45616,261451
45617,230483
45618,18363
45619,362689
45620,241600
45621,430666
45622,193313
45623,65493
45624,185779
45625,357846
45626,330273
45627,145165
45628,34308
45629,425937
45630,230303
45631,160155
45632,160224
45633,336159
45634,205763
45635,47354
45636,205679
45637,292382
45638,328152
45639,154928
45640,344675
45641,125385
45642,115742
45643,360907
45644,405406
45645,355149
45646,430516
45647,421101
45648,68618
45649,339466
45650,133711
45651,465409
45652,216064
45653,363155
45654,282737
45655,315498
45656,66534
45657,322553
45658,383551
45659,225779
45660,410362
45661,193688
45662,316879
45663,319814
45664,398733
45665,77495
45666,448326
45667,174879
45668,362323
45669,205319
45670,93570
45671,134090
45672,392102
45673,114894
45674,313982
45675,5779
45676,163580
45677,144872
45678,354271
45679,11749
45680,318505
45681,310614
45682,47431
45683,371016
45684,54871
45685,470712
45686,292569
45687,451769
45688,361997
45689,376356
45690,421850
45691,235115
45692,461253
45693,410103
45694,134322
45695,100934
45696,387128
45697,92135
45698,222300
45699,260433
45700,383228
45701,251506
45702,57962
45703,338050
45704,360949
45705,26115
45706,459181
45707,303128
45708,55806
45709,389397
45710,362511
45711,398695
45712,391931
45713,377146
45714,292312
45715,451206
45716,451711
45717,18293
45718,218087
45719,316931
45720,338288
45721,338393
45722,371350
45723,401354
45724,380118
45725,100154
45726,67790
45727,233712
45728,6256
45729,70421
45730,476479
45731,114325
45732,77398
45733,239913
45734,251583
45735,401736
45736,47593
45737,133383
45738,315390
45739,205501
45740,327958
45741,346755
45742,289706
45743,345421
45744,376699
45745,370898
45746,449333
45747,68269
45748,299636
45749,25759
45750,1865
45751,301868
45752,325535
45753,205808
45754,216338
45755,325678
45756,133243
45757,123846
45758,311864
45759,148807
45760,224885
45761,79458
45762,281907
45763,311789
45764,98812
45765,449302
45766,185890
45767,386925
45768,264121
45769,247372
45770,114188
45771,326945
45772,409748
45773,89642
45774,350572
45775,197802
45776,166544
45777,366560
45778,138758
45779,128230
45780,1919
45781,174982
45782,45674
45783,260297
45784,173579
45785,21868
45786,133949
45787,143852
45788,144810
45789,6052
45790,440092
45791,160009
45792,101178
45793,459126
45794,57577
45795,275405
45796,179081
45797,227793
45798,370388
45799,303060
45800,37654
45801,452079
45802,204092
45803,59646
45804,323926
45805,78990
45806,373543
45807,343004
45808,100342
45809,226705
45810,27167
45811,89522
45812,382642
45813,456544
45814,382863
45815,11793
45816,452537
45817,155103
45818,362777
45819,250118
45820,173690
45821,284104
45822,316768
45823,79174
45824,355890
45825,89812
45826,336129
45827,373739
45828,484001
45829,373680
45830,93611
45831,362912
45832,227887
45833,373975
45834,373539
45835,389409
45836,450813
45837,1749
45838,371159
45839,48704
45840,473368
45841,86451
45842,362955
45843,65543
45844,323942
45845,193458
45846,421858
45847,430487
45848,220178
45849,370952
45850,337190
45851,370955
45852,205607
45853,392329
45854,282929
45855,250022
45856,275400
45857,77502
45858,148387
45859,173671
45860,82162
45861,376971
45862,308136
45863,239149
45864,421869
45865,129626
45866,340520
45867,386386
45868,227941
45869,21847
45870,371027
45871,376973
45872,314059
45873,148804
45874,482877
45875,239233
45876,396048
45877,11522
45878,420938
45879,383267
45880,357840
45881,220262
45882,386543
45883,303058
45884,201555
45885,373479
45886,238645
45887,370627
45888,60560
45889,479380
45890,49551
45891,182622
45892,39038
45893,57185
45894,83207
45895,365107
45896,308064
45897,132556
45898,479383
45899,247491
45900,104176
45901,56092
45902,386653
45903,69600
45904,448378
45905,217697
45906,475278
45907,34041
45908,88812
45909,370819
45910,98863
45911,357887
45912,376576
45913,462877
45914,148468
45915,360778
45916,5774
45917,315328
45918,389382
45919,79321
45920,392152
45921,148501
45922,389290
45923,332193
45924,191893
45925,133738
45926,193420
45927,185749
45928,1455
45929,310815
45930,28518
45931,98728
45932,374751
45933,346725
45934,13608
45935,353338
45936,222074
45937,125348
45938,230584
45939,357878
45940,49738
45941,79489
45942,449498
45943,440106
45944,65504
45945,201500
45946,371686
45947,410037
45948,100832
45949,281205
45950,370626
45951,100152
45952,233732
45953,421724
45954,332261
45955,375240
45956,37687
45957,327984
45958,37860
45959,47577
45960,93554
45961,338392
45962,217798
45963,46538
45964,235040
45965,410018
45966,239851
45967,450853
45968,323888
45969,401639
45970,343947
45971,392285
45972,349694
45973,449283
45974,89608
45975,131999
45976,68518
45977,457476
45978,97307
45979,77567
45980,192019
45981,352336
45982,401569
45983,314211
45984,41714
45985,13529
45986,31068
45987,87595
45988,333016
45989,257497
45990,452595
45991,82142
45992,222233
45993,382900
45994,292389
45995,470797
45996,233759
45997,386942
45998,31144
45999,476558
46000,426078
46001,233243
46002,222184
46003,420885
46004,337989
46005,31048
46006,285585
46007,291053
46008,445225
46009,21607
46010,247330
46011,377277
46012,133547
46013,360901
46014,316760
46015,152075
46016,238567
46017,302080
46018,121659
46019,462818
46020,325402
46021,472467
46022,343922
46023,225709
46024,274597
46025,178376
46026,315384
46027,275468
46028,362258
46029,274547
46030,438846
46031,401353
46032,11311
46033,324150
46034,344654
46035,100148
46036,148761
46037,222081
46038,292446
46039,383353
46040,377049
46041,422008
46042,348916
46043,310603
46044,11636
46045,166499
46046,325409
46047,308017
46048,44550
46049,299529
46050,247507
46051,325538
46052,452148
46053,193586
46054,377088
46055,193761
46056,335958
46057,250191
46058,89868
46059,357931
46060,137371
46061,405389
46062,358888
46063,82120
46064,11251
46065,448833
46066,301858
46067,465430
46068,375256
46069,100457
46070,138813
46071,108338
46072,380036
46073,320039
46074,59570
46075,154958
46076,186006
46077,193427
46078,357976
46079,34124
46080,5867
46081,78840
46082,134257
46083,41615
46084,57022
46085,327993
46086,315238
46087,281296
46088,233765
46089,201525
46090,453967
46091,120941
46092,377145
46093,209206
46094,13281
46095,328171
46096,482424
46097,421123
46098,11468
46099,126824
46100,386677
46101,235990
46102,151861
46103,362604
46104,166507
46105,86521
46106,133657
46107,47041
46108,169221
46109,293783
46110,395882
46111,205725
46112,92084
46113,369567
46114,1666
46115,450788
46116,300892
46117,365363
46118,292350
46119,295291
46120,49662
46121,300872
46122,333057
46123,128367
46124,426245
46125,192172
46126,374692
46127,430868
46128,275366
46129,185937
46130,284122
46131,357862
46132,15644
46133,178553
46134,293864
46135,135134
46136,57902
46137,97449
46138,264089
46139,47026
46140,466837
46141,120009
46142,204232
46143,462722
46144,362839
46145,5906
46146,274365
46147,195533
46148,310739
46149,37511
46150,461153
46151,461977
46152,437350
46153,178749
46154,89389
46155,396094
46156,314007
46157,282756
46158,345361
46159,316792
46160,217718
46161,459130
46162,358887
46163,357553
46164,69654
46165,375055
46166,371114
46167,362432
46168,21620
46169,240725
46170,261731
46171,461130
46172,97232
46173,77338
46174,376312
46175,60590
46176,239938
46177,354455
46178,269849
46179,443339
46180,216306
46181,191917
46182,261880
46183,302036
46184,373689
46185,34282
46186,112930
46187,114382
46188,13623
46189,260118
46190,233278
46191,137294
46192,226521
46193,289811
46194,59518
46195,333754
46196,129627
46197,251516
46198,382798
46199,421565
46200,275238
46201,362252
46202,133843
46203,97420
46204,77568
46205,323867
46206,56072
46207,472484
46208,41616
46209,306941
46210,58002
46211,285396
46212,30821
46213,87580
46214,376397
46215,315357
46216,426116
46217,68074
46218,27244
46219,106109
46220,182336
46221,389127
46222,152113
46223,311758
46224,291140
46225,344669
46226,197549
46227,421175
46228,226858
46229,44504
46230,154911
46231,442523
46232,330340
46233,325705
46234,222475
46235,169225
46236,1859
46237,473336
46238,283072
46239,137293
46240,382447
46241,100727
46242,217721
46243,348929
46244,476920
46245,263229
46246,159195
46247,99892
46248,374898
46249,289976
46250,304246
46251,1600
46252,421032
46253,438037
46254,195414
46255,370443
46256,357774
46257,134397
46258,421771
46259,27417
46260,138083
46261,155017
46262,370415
46263,365452
46264,106936
46265,339353
46266,376459
46267,396030
46268,457463
46269,193533
46270,133942
46271,301812
46272,1879
46273,232120
46274,461880
46275,314123
46276,452653
46277,68173
46278,193372
46279,450731
46280,438455
46281,185871
46282,289988
46283,437882
46284,86389
46285,452580
46286,284337
46287,302006
46288,452136
46289,401451
46290,232051
46291,282872
46292,430521
46293,68276
46294,336206
46295,230508
46296,250159
46297,405287
46298,236121
46299,174991
46300,325274
46301,209255
46302,409973
46303,13493
46304,143934
46305,65687
46306,438935
46307,377071
46308,304409
46309,159048
46310,78796
46311,472460
46312,371343
46313,205866
46314,166594
46315,133078
46316,371148
46317,405548
46318,414962
46319,112151
46320,442650
46321,347791
46322,160064
46323,201341
46324,133096
46325,398744
46326,461172
46327,405598
46328,57784
46329,138096
46330,233582
46331,232210
46332,383229
46333,45576
46334,239202
46335,201481
46336,457412
46337,421349
46338,47504
46339,109071
46340,300746
46341,25852
46342,83089
46343,207523
46344,371053
46345,82095
46346,97371
46347,448418
46348,261623
46349,442574
46350,218209
46351,332975
46352,401617
46353,375048
46354,100881
46355,83167
46356,303176
46357,1746
46358,309317
46359,11310
46360,325252
46361,118620
46362,239311
46363,299475
46364,306698
46365,281295
46366,284178
46367,45666
46368,76204
46369,437998
46370,247475
46371,357998
46372,233480
46373,13714
46374,289969
46375,482949
46376,89060
46377,133932
46378,76319
46379,274455
46380,442651
46381,148567
46382,128444
46383,308098
46384,401642
46385,456531
46386,79362
46387,462674
46388,451129
46389,134410
46390,396132
46391,93298
46392,138044
46393,239956
46394,358134
46395,285665
46396,375093
46397,178856
46398,99879
46399,60491
46400,289979
46401,114958
46402,425854
46403,57540
46404,441955
46405,204024
46406,450828
46407,205383
46408,115722
46409,217876
46410,448811
46411,447307
46412,396069
46413,354391
46414,380091
46415,281956
46416,57473
46417,78774
46418,376757
46419,442530
46420,11758
46421,232080
46422,438065
46423,483996
46424,380023
46425,11750
46426,11171
46427,60684
46428,371003
46429,260224
46430,475000
46431,449506
46432,405415
46433,451731
46434,308010
46435,311981
46436,362842
46437,257416
46438,386707
46439,383558
46440,98708
46441,56114
46442,166684
46443,239217
46444,232084
46445,435919
46446,331328
46447,469488
46448,370425
46449,405481
46450,370998
46451,89079
46452,310826
46453,70593
46454,355871
46455,18435
46456,376448
46457,108268
46458,89343
46459,227896
46460,160143
46461,309457
46462,155020
46463,133323
46464,293938
46465,299649
46466,366438
46467,369569
46468,11939
46469,417912
46470,348980
46471,34373
46472,5797
46473,348968
46474,366356
46475,104208
46476,319838
46477,347759
46478,485485
46479,383665
46480,247383
46481,201548
46482,68542
46483,440197
46484,383469
46485,18588
46486,326831
46487,47170
46488,148767
46489,239919
46490,128432
46491,207517
46492,275416
46493,118553
46494,317037
46495,97392
46496,376813
46497,343047
46498,89748
46499,451759
46500,99900
46501,421355
46502,336983
46503,155159
46504,129675
46505,405575
46506,134655
46507,60609
46508,421179
46509,148737
46510,238524
46511,261551
46512,233573
46513,319965
46514,376510
46515,15793
46516,106219
46517,79420
46518,362978
46519,375150
46520,328065
46521,76218
46522,101221
46523,193529
46524,332033
46525,169253
46526,115656
46527,485051
46528,217661
46529,338171
46530,401460
46531,88763
46532,479456
46533,275364
46534,160092
46535,126791
46536,462709
46537,324021
46538,69703
46539,357772
46540,457278
46541,195420
46542,369503
46543,66504
46544,182470
46545,300962
46546,332132
46547,65708
46548,129625
46549,470760
46550,318736
46551,49542
46552,414898
46553,326901
46554,373932
46555,133920
46556,383189
46557,232165
46558,126975
46559,260282
46560,373566
46561,57029
46562,392255
46563,362483
46564,451848
46565,292217
46566,205589
46567,261740
46568,317310
46569,282926
46570,82055
46571,382631
46572,58042
46573,46616
46574,209337
46575,366446
46576,382625
46577,120073
46578,207449
46579,79510
46580,317193
46581,291059
46582,386760
46583,449330
46584,314117
46585,34121
46586,316904
46587,257583
46588,343996
46589,358078
46590,82950
46591,382314
46592,189716
46593,342357
46594,218035
46595,383520
46596,216240
46597,112822
46598,274388
46599,362281
46600,382351
46601,373442
46602,325447
46603,323918
46604,452621
46605,244647
46606,446402
46607,272252
46608,163729
46609,462930
46610,205733
46611,100913
46612,475012
46613,314169
46614,362665
46615,189703
46616,274471
46617,1884
46618,405267
46619,163828
46620,79224
46621,218053
46622,292395
46623,284346
46624,311836
46625,257311
46626,251306
46627,450852
46628,185735
46629,417965
46630,386600
46631,367461
46632,112861
46633,216132
46634,325337
46635,13350
46636,112933
46637,112921
46638,13535
46639,421042
46640,83018
46641,174846
46642,68335
46643,108319
46644,437349
46645,410076
46646,178853
46647,389466
46648,241720
46649,148816
46650,228062
46651,363083
46652,138764
46653,430737
46654,47262
46655,360887
46656,182462
46657,182346
46658,227359
46659,370431
46660,311901
46661,58230
46662,250270
46663,163706
46664,100425
46665,415070
46666,466963
46667,231955
46668,37686
46669,25831
46670,92155
46671,292275
46672,58228
46673,195464
46674,376957
46675,178523
46676,234974
46677,108290
46678,169319
46679,239882
46680,275476
46681,342296
46682,201567
46683,21889
46684,37590
46685,415139
46686,373326
46687,304316
46688,317122
46689,272135
46690,284209
46691,421202
46692,65581
46693,337055
46694,442608
46695,326816
46696,148566
46697,383453
46698,421207
46699,263062
46700,292368
46701,260353
46702,148240
46703,457309
46704,464807
46705,274407
46706,89739
46707,448895
46708,54859
46709,193632
46710,11686
46711,89561
46712,191841
46713,360873
46714,55934
46715,445230
46716,11169
46717,99893
46718,342266
46719,333770
46720,392262
46721,275490
46722,301872
46723,380115
46724,160324
46725,160236
46726,251342
46727,112218
46728,362269
46729,143869
46730,475013
46731,437931
46732,310642
46733,101146
46734,217817
46735,193483
46736,353463
46737,257506
46738,241569
46739,46565
46740,83040
46741,123831
46742,97444
46743,469642
46744,365143
46745,292526
46746,145006
46747,37502
46748,174755
46749,325650
46750,163401
46751,292253
46752,69701
46753,457425
46754,281101
46755,373832
46756,343948
46757,285699
46758,185785
46759,430454
46760,213303
46761,178753
46762,193721
46763,11303
46764,67873
46765,101209
46766,100381
46767,261735
46768,133143
46769,1633
46770,401895
46771,118673
46772,336020
46773,338106
46774,303104
46775,355158
46776,421855
46777,360850
46778,25809
46779,462921
46780,15626
46781,292149
46782,315510
46783,37941
46784,485418
46785,455781
46786,382664
46787,179083
46788,37893
46789,1485
46790,154964
46791,487977
46792,34300
46793,11367
46794,401887
46795,366311
46796,174730
46797,274591
46798,274379
46799,101251
46800,115636
46801,159187
46802,222326
46803,11514
46804,376414
46805,289996
46806,311817
46807,26159
46808,386444
46809,465518
46810,251623
46811,391918
46812,484037
46813,349044
46814,6249
46815,261444
46816,421676
46817,155094
46818,151924
46819,383384
46820,225782
46821,284299
46822,133750
46823,30726
46824,380004
46825,6081
46826,103210
46827,216169
46828,1676
46829,469643
46830,57230
46831,355955
46832,260121
46833,120963
46834,224799
46835,67967
46836,275495
46837,1852
46838,396021
46839,346750
46840,387020
46841,349675
46842,437321
46843,470557
46844,134155
46845,56941
46846,143753
46847,230391
46848,314220
46849,455823
46850,377329
46851,311962
46852,13500
46853,100038
46854,241633
46855,93580
46856,317108
46857,67629
46858,272144
46859,148205
46860,120851
46861,77380
46862,205560
46863,28660
46864,173727
46865,367464
46866,65730
46867,251323
46868,238532
46869,311723
46870,25800
46871,332142
46872,173573
46873,371481
46874,405257
46875,81969
46876,382763
46877,306754
46878,328175
46879,462907
46880,169330
46881,18612
46882,248771
46883,352281
46884,430547
46885,230541
46886,216252
46887,462786
46888,441889
46889,459832
46890,480224
46891,356042
46892,350591
46893,421632
46894,98649
46895,28490
46896,452118
46897,18634
46898,47005
46899,195563
46900,325570
46901,205694
46902,421758
46903,457540
46904,464705
46905,151979
46906,204198
46907,426251
46908,420957
46909,338159
46910,282823
46911,285652
46912,452651
46913,292529
46914,11336
46915,392326
46916,401154
46917,247333
46918,430593
46919,104137
46920,422001
46921,401170
46922,15803
46923,373522
46924,447277
46925,89746
46926,391959
46927,443401
46928,137338
46929,11399
46930,76318
46931,465422
46932,370782
46933,189686
46934,383547
46935,358110
46936,48759
46937,461917
46938,160318
46939,235016
46940,216433
46941,59519
46942,173645
46943,376230
46944,27274
46945,377233
46946,249089
46947,315625
46948,204160
46949,443419
46950,86436
46951,56034
46952,148374
46953,225787
46954,325686
46955,387055
46956,182610
46957,452516
46958,285522
46959,174955
46960,396049
46961,426085
46962,106141
46963,316912
46964,437923
46965,389343
46966,469629
46967,238629
46968,125438
46969,339404
46970,414980
46971,133185
46972,264012
46973,295270
46974,363041
46975,185887
46976,239986
46977,360888
46978,355167
46979,337163
46980,139548
46981,336032
46982,362726
46983,337060
46984,349026
46985,163805
46986,456562
46987,367598
46988,391980
46989,383327
46990,38036
46991,209217
46992,261875
46993,174739
46994,374764
46995,318509
46996,65714
46997,349663
46998,101065
46999,360825
47000,178429
47001,409916
47002,1629
47003,205758
47004,18476
47005,133641
47006,220067
47007,193491
47008,100458
47009,324013
47010,134023
47011,145145
47012,421035
47013,239803
47014,234905
47015,451723
47016,134359
47017,339346
47018,362495
47019,232185
47020,67542
47021,57090
47022,454633
47023,169405
47024,377386
47025,443366
47026,100849
47027,185975
47028,179118
47029,125441
47030,222169
47031,189715
47032,360830
47033,290879
47034,169209
47035,347801
47036,386934
47037,31019
47038,220031
47039,209619
47040,311937
47041,450754
47042,442492
47043,299523
47044,47370
47045,18702
47046,193696
47047,308091
47048,201413
47049,79774
47050,365320
47051,219991
47052,54766
47053,405368
47054,239804
47055,197688
47056,389264
47057,362023
47058,89009
47059,371576
47060,145107
47061,163479
47062,11494
47063,56906
47064,46940
47065,317042
47066,18457
47067,373822
47068,220072
47069,353423
47070,347790
47071,59510
47072,282806
47073,49721
47074,389426
47075,291091
47076,308026
47077,99917
47078,133166
47079,89069
47080,462802
47081,57297
47082,479472
47083,295341
47084,67713
47085,250071
47086,34290
47087,207568
47088,337141
47089,328016
47090,89250
47091,355942
47092,479394
47093,226749
47094,60520
47095,144804
47096,205857
47097,18266
47098,193517
47099,18607
47100,264069
47101,273447
47102,54774
47103,79261
47104,56108
47105,133161
47106,382745
47107,344688
47108,306765
47109,318728
47110,70516
47111,13668
47112,250343
47113,230409
47114,362995
47115,30865
47116,430853
47117,487952
47118,37715
47119,135179
47120,125456
47121,374836
47122,236115
47123,440218
47124,450816
47125,318529
47126,79463
47127,370757
47128,349640
47129,120909
47130,405312
47131,473409
47132,225718
47133,6214
47134,207631
47135,299607
47136,357825
47137,479392
47138,401658
47139,349052
47140,145024
47141,93404
47142,352305
47143,152098
47144,218030
47145,401525
47146,472496
47147,415082
47148,450822
47149,371075
47150,386967
47151,112189
47152,461210
47153,27168
47154,421389
47155,282947
47156,281289
47157,314196
47158,227994
47159,28586
47160,182468
47161,401252
47162,304222
47163,240715
47164,283009
47165,220130
47166,108147
47167,348958
47168,46465
47169,13452
47170,392226
47171,285709
47172,473400
47173,349031
47174,115726
47175,114326
47176,12046
47177,134284
47178,233483
47179,470662
47180,54763
47181,209637
47182,114337
47183,482315
47184,46778
47185,79620
47186,248767
47187,92085
47188,59663
47189,101043
47190,379995
47191,45616
47192,193506
47193,356020
47194,273264
47195,65539
47196,392330
47197,69665
47198,11540
47199,281189
47200,405416
47201,461209
47202,129656
47203,410122
47204,138799
47205,283100
47206,93304
47207,82973
47208,357599
47209,281221
47210,311764
47211,224895
47212,314152
47213,166743
47214,46837
47215,306737
47216,260194
47217,482416
47218,273177
47219,233743
47220,465441
47221,354251
47222,309326
47223,189592
47224,324058
47225,70597
47226,281962
47227,466816
47228,488037
47229,442674
47230,134035
47231,338323
47232,387040
47233,338035
47234,392301
47235,46731
47236,193563
47237,241621
47238,158988
47239,395802
47240,204233
47241,86332
47242,250139
47243,195486
47244,185948
47245,376856
47246,174750
47247,65459
47248,442559
47249,93466
47250,1905
47251,480166
47252,365227
47253,377232
47254,120012
47255,442646
47256,264185
47257,325658
47258,26109
47259,226816
47260,233579
47261,360818
47262,306912
47263,78825
47264,449357
47265,225660
47266,332239
47267,449247
47268,47340
47269,148457
47270,272205
47271,325426
47272,370392
47273,353401
47274,374812
47275,37707
47276,39099
47277,317190
47278,370828
47279,273652
47280,362688
47281,236231
47282,359393
47283,241736
47284,139532
47285,178451
47286,238498
47287,49811
47288,356107
47289,226668
47290,86307
47291,389408
47292,205587
47293,148652
47294,238451
47295,362980
47296,220148
47297,475226
47298,148237
47299,115678
47300,79854
47301,133754
47302,55895
47303,401478
47304,25648
47305,295343
47306,70412
47307,337048
47308,247297
47309,34268
47310,383315
47311,88762
47312,479491
47313,335962
47314,248610
47315,18275
47316,293836
47317,310876
47318,138760
47319,405344
47320,117948
47321,195465
47322,247305
47323,383518
47324,205859
47325,284107
47326,47419
47327,333752
47328,197827
47329,292291
47330,302058
47331,189501
47332,437368
47333,120959
47334,289849
47335,101091
47336,185899
47337,365471
47338,322379
47339,217835
47340,234981
47341,230429
47342,316906
47343,377180
47344,143962
47345,193442
47346,299479
47347,465463
47348,89162
47349,163467
47350,37781
47351,392188
47352,316928
47353,125520
47354,425893
47355,67583
47356,27140
47357,420910
47358,11122
47359,257367
47360,65666
47361,239254
47362,79650
47363,44496
47364,65487
47365,241734
47366,197717
47367,309226
47368,472475
47369,264014
47370,362624
47371,319927
47372,25957
47373,325470
47374,373261
47375,331318
47376,185951
47377,317202
47378,104234
47379,476950
47380,46860
47381,354307
47382,59515
47383,239343
47384,67526
47385,274330
47386,338102
47387,109802
47388,47279
47389,325254
47390,328106
47391,425946
47392,362895
47393,46492
47394,472531
47395,97253
47396,234920
47397,145114
47398,12051
47399,449243
47400,281211
47401,430881
47402,233545
47403,213350
47404,336973
47405,46407
47406,86382
47407,25729
47408,383612
47409,77576
47410,108351
47411,376755
47412,261881
47413,274573
47414,148713
47415,248999
47416,325301
47417,54840
47418,143862
47419,315521
47420,469589
47421,465403
47422,382450
47423,204186
47424,213372
47425,57286
47426,457319
47427,314072
47428,163509
47429,337025
47430,292165
47431,448852
47432,89303
47433,133787
47434,174927
47435,386535
47436,46623
47437,383769
47438,415132
47439,338239
47440,401190
47441,309459
47442,213534
47443,430728
47444,109834
47445,217741
47446,273515
47447,114347
47448,47463
47449,57450
47450,337124
47451,233584
47452,213633
47453,108236
47454,143951
47455,69692
47456,273201
47457,207374
47458,88873
47459,37574
47460,289671
47461,284331
47462,244862
47463,131340
47464,285679
47465,325539
47466,261729
47467,295323
47468,241694
47469,309397
47470,236151
47471,421486
47472,120155
47473,133177
47474,401900
47475,31077
47476,293812
47477,383001
47478,382828
47479,376416
47480,462859
47481,302013
47482,205370
47483,383463
47484,182586
47485,77382
47486,314202
47487,227907
47488,273524
47489,57442
47490,220064
47491,459840
47492,367449
47493,273305
47494,216139
47495,328305
47496,349616
47497,104219
47498,45715
47499,251310
47500,319976
47501,48680
47502,325369
47503,389170
47504,204298
47505,193595
47506,224882
47507,309150
47508,405494
47509,383359
47510,470468
47511,57316
47512,257340
47513,57479
47514,87661
47515,383065
47516,360759
47517,374677
47518,49884
47519,382565
47520,370793
47521,370590
47522,11592
47523,308051
47524,205618
47525,367592
47526,310750
47527,328124
47528,68264
47529,332159
47530,456517
47531,55847
47532,239364
47533,34319
47534,78702
47535,410279
47536,189514
47537,350641
47538,461160
47539,239979
47540,260457
47541,456565
47542,213499
47543,11076
47544,472524
47545,330281
47546,204250
47547,27183
47548,337047
47549,362915
47550,386702
47551,98804
47552,325590
47553,216235
47554,304333
47555,126676
47556,47075
47557,106176
47558,12073
47559,54926
47560,128304
47561,248988
47562,269794
47563,383874
47564,104239
47565,373385
47566,331246
47567,482917
47568,273389
47569,133286
47570,421804
47571,383560
47572,44601
47573,391913
47574,46711
47575,383779
47576,82112
47577,479375
47578,78860
47579,289637
47580,133982
47581,389202
47582,137426
47583,323939
47584,163764
47585,77408
47586,377287
47587,316858
47588,370951
47589,204214
47590,178430
47591,318518
47592,303158
47593,325646
47594,370582
47595,371567
47596,77354
47597,304338
47598,213496
47599,343089
47600,325813
47601,401509
47602,275410
47603,15707
47604,292356
47605,338024
47606,30722
47607,60596
47608,79145
47609,134263
47610,30729
47611,88905
47612,476502
47613,367459
47614,472561
47615,148740
47616,310893
47617,337183
47618,82946
47619,54831
47620,282047
47621,484039
47622,93323
47623,441922
47624,373857
47625,37822
47626,358533
47627,129746
47628,389345
47629,401937
47630,46451
47631,285736
47632,247226
47633,446810
47634,45735
47635,77340
47636,343021
47637,480214
47638,382768
47639,370963
47640,349129
47641,285374
47642,76336
47643,250210
47644,166674
47645,239284
47646,123849
47647,376905
47648,362043
47649,387062
47650,376325
47651,269850
47652,430804
47653,131348
47654,367543
47655,217782
47656,77313
47657,55852
47658,189511
47659,438443
47660,219994
47661,365502
47662,247524
47663,48750
47664,78757
47665,283209
47666,464747
47667,5723
47668,441811
47669,479421
47670,133870
47671,93592
47672,377064
47673,264280
47674,317298
47675,284216
47676,108339
47677,358126
47678,285417
47679,342340
47680,67652
47681,88789
47682,389126
47683,232023
47684,332255
47685,232208
47686,457512
47687,26122
47688,125447
47689,203993
47690,178818
47691,216192
47692,123794
47693,88719
47694,440176
47695,375219
47696,389156
47697,366416
47698,310824
47699,226498
47700,482986
47701,133556
47702,48727
47703,309377
47704,440159
47705,295130
47706,386340
47707,473418
47708,166536
47709,426006
47710,54839
47711,93378
47712,12005
47713,317104
47714,21900
47715,134741
47716,347733
47717,70569
47718,89499
47719,420967
47720,109854
47721,401882
47722,365201
47723,100977
47724,189522
47725,129789
47726,260216
47727,349637
47728,100730
47729,1795
47730,144977
47731,309085
47732,367544
47733,66551
47734,83160
47735,100271
47736,295300
47737,459712
47738,462986
47739,18458
47740,283211
47741,97235
47742,354423
47743,462797
47744,159012
47745,337172
47746,289994
47747,367499
47748,56084
47749,358912
47750,133628
47751,479412
47752,373972
47753,260142
47754,98637
47755,450785
47756,234891
47757,148300
47758,387018
47759,438469
47760,391965
47761,373316
47762,358115
47763,151880
47764,453954
47765,191936
47766,343931
47767,283214
47768,15783
47769,387123
47770,47109
47771,97431
47772,476934
47773,387158
47774,421183
47775,189683
47776,34204
47777,274389
47778,459710
47779,197546
47780,251565
47781,380018
47782,373475
47783,349059
47784,86461
47785,100157
47786,396118
47787,461183
47788,349011
47789,274405
47790,358034
47791,382762
47792,376550
47793,482274
47794,310781
47795,457371
47796,343024
47797,392082
47798,293940
47799,205465
47800,57899
47801,225806
47802,227970
47803,230528
47804,174856
47805,27164
47806,197696
47807,79026
47808,340489
47809,34022
47810,148441
47811,57615
47812,446775
47813,193388
47814,226723
47815,443417
47816,250144
47817,389157
47818,79125
47819,269831
47820,112931
47821,11607
47822,178442
47823,192030
47824,12076
47825,217918
47826,410027
47827,380073
47828,285612
47829,182589
47830,86317
47831,189519
47832,185700
47833,479498
47834,209634
47835,76280
47836,67565
47837,131762
47838,364736
47839,119917
47840,137289
47841,364461
47842,372641
47843,119961
47844,386183
47845,386207
47846,385586
47847,386287
47848,341946
47849,385762
47850,136801
47851,385800
47852,364980
47853,364560
47854,386185
47855,364928
47856,335869
47857,330173
47858,385817
47859,385850
47860,107665
47861,119402
47862,108102
47863,136957
47864,136942
47865,372484
47866,342199
47867,113605
47868,386115
47869,364673
47870,119711
47871,119636
47872,136947
47873,136826
47874,372511
47875,113742
47876,114018
47877,107881
47878,364939
47879,364829
47880,113701
47881,364842
47882,335571
47883,131710
47884,364211
47885,119672
47886,372652
47887,364248
47888,113993
47889,113804
47890,136874
47891,119919
47892,364890
47893,372677
47894,113693
47895,119438
47896,385739
47897,372852
47898,330265
47899,113816
47900,131907
47901,372576
47902,386058
47903,119941
47904,364611
47905,335911
47906,113721
47907,364926
47908,113617
47909,372543
47910,107869
47911,107997
47912,119874
47913,335527
47914,335568
47915,113724
47916,364881
47917,131857
47918,364672
47919,385798
47920,136900
47921,372531
47922,114050
47923,335538
47924,125241
47925,372610
47926,113615
47927,330081
47928,330170
47929,373052
47930,330102
47931,342083
47932,364602
47933,372835
47934,373159
47935,125072
47936,335680
47937,330116
47938,364927
47939,119572
47940,364536
47941,364901
47942,364913
47943,385866
47944,342231
47945,330053
47946,114126
47947,113802
47948,131804
47949,108042
47950,342087
47951,114071
47952,119493
47953,372698
47954,372807
47955,364988
47956,107629
47957,385668
47958,386235
47959,131780
47960,125060
47961,335649
47962,373143
47963,385582
47964,131648
47965,119463
47966,386334
47967,335831
47968,386242
47969,119399
47970,125076
47971,372476
47972,136950
47973,113756
47974,119807
47975,364347
47976,364506
47977,119408
47978,364830
47979,364705
47980,107982
47981,342030
47982,119955
47983,131858
47984,372637
47985,385967
47986,108016
47987,113977
47988,114070
47989,385632
47990,373113
47991,119617
47992,329922
47993,372551
47994,113624
47995,372961
47996,386198
47997,119849
47998,137255
47999,137100
48000,342029
48001,137029
48002,364245
48003,372716
48004,329926
48005,119462
48006,131670
48007,107835
48008,364784
48009,373048
48010,342135
48011,136841
48012,335804
48013,113889
48014,136882
48015,136792
48016,364534
48017,131812
48018,119701
48019,342071
48020,335791
48021,330198
48022,131836
48023,107755
48024,364625
48025,113828
48026,373134
48027,329931
48028,385726
48029,364778
48030,136861
48031,364317
48032,385944
48033,385622
48034,364458
48035,372570
48036,372700
48037,107696
48038,364938
48039,364159
48040,385867
48041,119868
48042,364385
48043,335829
48044,335459
48045,386122
48046,137008
48047,119876
48048,364301
48049,385592
48050,125104
48051,342210
48052,372521
48053,131892
48054,385575
48055,364935
48056,119724
48057,107841
48058,364986
48059,364558
48060,113749
48061,330009
48062,113877
48063,385829
48064,136834
48065,107825
48066,372667
48067,136807
48068,372859
48069,341918
48070,373193
48071,373130
48072,125059
48073,385767
48074,364993
48075,107708
48076,113866
48077,329987
48078,342180
48079,330228
48080,335595
48081,373209
48082,372947
48083,386192
48084,364404
48085,119526
48086,114062
48087,119740
48088,119542
48089,114042
48090,335510
48091,372894
48092,373248
48093,373102
48094,342202
48095,373173
48096,372909
48097,137022
48098,364334
48099,107691
48100,125039
48101,335758
48102,364816
48103,329977
48104,137054
48105,107739
48106,330257
48107,372618
48108,385989
48109,372555
48110,108138
48111,330181
48112,114046
48113,330158
48114,131904
48115,107641
48116,113616
48117,125190
48118,364416
48119,119559
48120,385654
48121,113830
48122,137190
48123,113910
48124,372796
48125,137203
48126,364893
48127,335633
48128,385877
48129,330100
48130,365073
48131,341922
48132,372574
48133,373142
48134,136862
48135,335694
48136,113642
48137,107743
48138,136828
48139,372685
48140,335785
48141,372549
48142,119837
48143,335628
48144,364157
48145,125178
48146,385629
48147,386273
48148,364130
48149,364491
48150,107672
48151,131880
48152,385703
48153,372561
48154,107938
48155,136907
48156,373233
48157,364477
48158,329905
48159,113633
48160,335442
48161,107965
48162,119464
48163,119766
48164,108002
48165,137148
48166,107756
48167,386074
48168,385915
48169,114063
48170,385825
48171,119434
48172,113674
48173,119403
48174,107719
48175,342151
48176,125177
48177,131723
48178,373158
48179,385844
48180,119680
48181,372892
48182,364883
48183,136922
48184,131844
48185,364333
48186,386272
48187,364662
48188,107709
48189,386140
48190,335788
48191,125051
48192,119775
48193,136921
48194,114143
48195,385832
48196,372465
48197,335925
48198,107654
48199,107630
48200,131796
48201,335721
48202,364240
48203,342152
48204,385687
48205,107656
48206,137191
48207,385992
48208,119891
48209,373235
48210,385665
48211,364192
48212,136786
48213,125240
48214,131641
48215,119796
48216,373099
48217,119894
48218,341967
48219,372846
48220,119741
48221,335627
48222,342114
48223,372973
48224,342246
48225,364409
48226,385952
48227,335541
48228,386104
48229,125132
48230,364546
48231,385776
48232,136901
48233,113632
48234,131923
48235,329902
48236,137183
48237,119501
48238,335809
48239,113644
48240,108059
48241,364213
48242,137101
48243,342191
48244,119976
48245,372740
48246,372578
48247,131882
48248,113960
48249,385935
48250,385685
48251,108122
48252,341994
48253,329953
48254,330049
48255,342081
48256,137195
48257,119571
48258,335766
48259,365059
48260,107955
48261,131695
48262,330106
48263,329993
48264,372883
48265,113834
48266,107943
48267,364502
48268,119560
48269,330103
48270,373244
48271,335712
48272,113699
48273,386022
48274,131765
48275,107631
48276,386031
48277,107942
48278,113901
48279,335669
48280,119804
48281,107984
48282,342206
48283,385968
48284,386150
48285,365051
48286,335805
48287,364738
48288,131744
48289,330152
48290,342213
48291,364742
48292,364878
48293,386200
48294,364547
48295,125169
48296,137045
48297,119587
48298,330060
48299,364668
48300,342039
48301,119439
48302,373165
48303,372650
48304,372936
48305,335692
48306,113939
48307,113869
48308,119669
48309,330077
48310,364481
48311,329918
48312,342088
48313,372724
48314,342181
48315,335799
48316,137124
48317,386238
48318,373187
48319,330229
48320,329930
48321,137248
48322,364654
48323,114153
48324,385555
48325,335431
48326,113966
48327,372978
48328,136802
48329,131767
48330,107844
48331,113780
48332,330020
48333,125213
48334,373063
48335,113711
48336,373077
48337,372542
48338,342250
48339,137140
48340,119950
48341,113818
48342,119910
48343,373237
48344,107971
48345,385868
48346,364675
48347,131782
48348,119732
48349,386236
48350,372681
48351,364734
48352,113840
48353,385951
48354,119914
48355,125136
48356,342010
48357,114036
48358,113805
48359,386167
48360,330028
48361,113733
48362,342038
48363,364227
48364,373172
48365,364104
48366,372503
48367,372661
48368,131758
48369,364531
48370,335530
48371,107935
48372,386184
48373,131725
48374,136932
48375,373085
48376,341898
48377,329954
48378,119792
48379,372514
48380,119401
48381,364373
48382,364805
48383,107962
48384,119969
48385,364274
48386,137077
48387,372562
48388,131866
48389,365028
48390,372907
48391,113625
48392,119472
48393,364428
48394,125075
48395,119483
48396,119485
48397,365070
48398,385999
48399,131798
48400,373253
48401,335833
48402,372896
48403,136978
48404,335884
48405,119967
48406,386141
48407,107925
48408,372960
48409,335580
48410,372585
48411,125108
48412,113959
48413,364789
48414,329913
48415,335440
48416,131671
48417,385595
48418,136961
48419,335492
48420,107953
48421,364570
48422,365023
48423,386116
48424,137122
48425,136870
48426,385556
48427,341955
48428,385783
48429,330067
48430,373065
48431,335673
48432,335906
48433,131921
48434,372567
48435,108132
48436,335700
48437,137259
48438,372768
48439,119879
48440,136945
48441,364774
48442,136817
48443,385833
48444,364360
48445,386220
48446,364567
48447,364277
48448,107855
48449,364555
48450,373243
48451,119947
48452,113912
48453,131768
48454,137109
48455,373015
48456,364852
48457,125083
48458,372586
48459,107723
48460,125228
48461,125173
48462,107891
48463,386197
48464,364285
48465,113734
48466,119731
48467,137002
48468,385607
48469,119965
48470,341931
48471,364088
48472,372649
48473,386151
48474,364696
48475,364231
48476,131898
48477,335806
48478,364232
48479,330023
48480,119757
48481,107815
48482,113955
48483,125094
48484,364564
48485,330068
48486,385837
48487,342031
48488,119719
48489,385627
48490,342165
48491,335718
48492,386300
48493,364164
48494,119809
48495,335657
48496,365048
48497,119759
48498,373131
48499,342041
48500,131821
48501,113606
48502,137025
48503,137102
48504,386169
48505,364763
48506,364688
48507,364596
48508,385891
48509,364717
48510,114045
48511,385679
48512,136852
48513,364671
48514,364326
48515,119852
48516,335632
48517,108093
48518,329980
48519,342160
48520,385642
48521,335532
48522,373232
48523,364781
48524,108098
48525,372554
48526,330042
48527,137082
48528,335498
48529,335515
48530,113696
48531,342157
48532,108018
48533,385577
48534,119754
48535,125141
48536,372589
48537,107774
48538,341964
48539,386178
48540,119750
48541,342175
48542,364460
48543,131795
48544,125189
48545,386203
48546,119458
48547,107627
48548,119435
48549,136930
48550,131833
48551,372665
48552,107699
48553,364804
48554,364378
48555,125232
48556,136794
48557,137160
48558,119661
48559,364850
48560,131727
48561,372638
48562,119581
48563,372598
48564,364111
48565,341991
48566,385805
48567,107913
48568,119683
48569,341984
48570,108073
48571,364195
48572,136934
48573,364457
48574,114054
48575,372523
48576,364444
48577,335750
48578,125234
48579,342094
48580,364180
48581,364181
48582,335504
48583,364627
48584,329946
48585,341932
48586,119855
48587,372633
48588,364246
48589,373141
48590,364947
48591,137173
48592,342236
48593,373078
48594,114154
48595,107673
48596,119906
48597,125090
48598,364664
48599,125235
48600,119943
48601,386228
48602,330069
48603,119968
48604,137034
48605,108107
48606,119805
48607,107638
48608,114113
48609,372456
48610,364977
48611,113658
48612,372534
48613,107685
48614,372647
48615,335708
48616,364643
48617,335847
48618,372679
48619,386132
48620,373114
48621,386208
48622,107946
48623,385979
48624,342207
48625,335485
48626,131773
48627,335782
48628,113854
48629,119653
48630,364235
48631,385998
48632,365034
48633,385912
48634,385564
48635,335682
48636,136988
48637,125154
48638,342109
48639,342247
48640,119708
48641,335898
48642,364543
48643,385857
48644,335447
48645,119772
48646,335921
48647,373080
48648,136869
48649,119423
48650,364497
48651,373246
48652,119503
48653,119660
48654,137020
48655,119377
48656,136787
48657,119637
48658,114077
48659,364540
48660,119779
48661,385893
48662,119744
48663,335927
48664,385600
48665,107985
48666,119612
48667,364995
48668,373004
48669,107773
48670,364112
48671,372759
48672,329899
48673,364967
48674,385561
48675,373054
48676,385824
48677,113784
48678,113618
48679,136898
48680,131658
48681,119640
48682,335705
48683,335716
48684,385659
48685,107647
48686,372479
48687,372966
48688,364739
48689,372797
48690,364670
48691,114024
48692,136872
48693,385942
48694,330107
48695,364761
48696,108011
48697,136897
48698,341983
48699,385816
48700,119690
48701,335877
48702,107640
48703,107821
48704,385884
48705,364118
48706,131684
48707,107826
48708,385691
48709,113924
48710,131784
48711,364887
48712,364169
48713,119707
48714,385609
48715,131736
48716,373194
48717,364514
48718,114014
48719,113917
48720,364154
48721,113943
48722,372915
48723,114094
48724,119679
48725,385677
48726,107847
48727,119858
48728,131747
48729,372845
48730,113928
48731,137274
48732,330206
48733,113626
48734,386243
48735,342105
48736,119591
48737,335762
48738,335893
48739,114147
48740,364165
48741,372540
48742,372623
48743,125067
48744,335843
48745,131842
48746,386114
48747,113589
48748,119517
48749,131883
48750,107853
48751,364350
48752,364214
48753,119853
48754,107712
48755,119677
48756,364996
48757,329919
48758,342221
48759,114061
48760,372969
48761,119758
48762,373150
48763,107705
48764,372628
48765,335507
48766,335423
48767,108077
48768,137129
48769,113885
48770,364898
48771,113807
48772,113798
48773,385849
48774,107854
48775,342182
48776,113925
48777,108083
48778,365011
48779,107868
48780,364193
48781,386075
48782,335520
48783,342034
48784,385649
48785,137283
48786,364275
48787,330016
48788,335683
48789,342121
48790,108013
48791,330004
48792,113619
48793,364315
48794,114140
48795,131659
48796,364402
48797,119471
48798,136974
48799,125116
48800,364710
48801,335754
48802,125069
48803,385738
48804,385613
48805,335521
48806,335888
48807,131818
48808,372512
48809,119622
48810,107792
48811,137156
48812,386237
48813,364206
48814,113890
48815,364638
48816,119666
48817,136976
48818,342102
48819,386298
48820,108024
48821,113898
48822,119802
48823,364794
48824,364117
48825,364674
48826,108128
48827,119954
48828,372519
48829,108038
48830,372706
48831,386133
48832,136883
48833,386193
48834,386186
48835,108113
48836,113700
48837,373097
48838,107810
48839,113930
48840,119456
48841,335916
48842,364184
48843,119840
48844,107716
48845,137118
48846,386277
48847,364114
48848,385974
48849,364689
48850,107788
48851,364273
48852,131704
48853,330112
48854,342223
48855,125221
48856,113776
48857,372487
48858,119688
48859,114004
48860,113690
48861,364183
48862,342204
48863,373042
48864,372666
48865,107852
48866,386245
48867,125097
48868,136831
48869,364524
48870,386126
48871,131901
48872,372762
48873,131803
48874,329966
48875,113932
48876,125197
48877,364521
48878,364686
48879,108054
48880,107895
48881,136915
48882,125032
48883,386050
48884,131864
48885,364436
48886,364412
48887,364411
48888,119414
48889,107888
48890,364488
48891,113747
48892,342091
48893,137153
48894,125084
48895,131752
48896,113936
48897,108086
48898,342200
48899,119890
48900,113836
48901,385766
48902,386136
48903,125236
48904,386144
48905,364911
48906,364479
48907,364732
48908,372508
48909,125029
48910,113657
48911,364323
48912,364576
48913,335662
48914,137070
48915,136881
48916,119394
48917,372615
48918,372524
48919,373003
48920,385955
48921,372831
48922,131905
48923,137155
48924,342016
48925,341910
48926,386201
48927,386170
48928,125091
48929,364398
48930,386089
48931,137006
48932,341939
48933,373153
48934,113597
48935,335585
48936,113962
48937,364313
48938,386029
48939,335787
48940,107697
48941,113950
48942,114079
48943,131863
48944,113596
48945,329908
48946,335881
48947,119684
48948,330029
48949,335637
48950,386219
48951,107861
48952,386303
48953,137170
48954,330133
48955,119548
48956,131739
48957,119899
48958,342084
48959,386196
48960,107819
48961,329994
48962,335870
48963,113647
48964,385794
48965,107887
48966,372769
48967,119703
48968,107730
48969,372632
48970,364221
48971,119773
48972,372985
48973,113656
48974,364578
48975,330147
48976,107845
48977,330136
48978,330251
48979,364941
48980,113689
48981,364162
48982,114096
48983,113926
48984,131713
48985,364879
48986,136784
48987,330165
48988,113676
48989,364358
48990,137164
48991,125164
48992,364432
48993,119975
48994,107987
48995,373044
48996,364177
48997,335587
48998,113971
48999,385791
49000,342163
49001,131886
49002,114089
49003,335645
49004,114138
49005,119468
49006,329961
49007,364510
49008,373067
49009,364410
49010,113891
49011,335764
49012,107617
49013,364940
49014,119682
49015,108071
49016,373135
49017,364583
49018,108043
49019,373145
49020,113786
49021,385874
49022,119846
49023,113688
49024,329971
49025,108097
49026,113639
49027,330108
49028,385940
49029,136960
49030,386084
49031,131845
49032,364492
49033,364276
49034,108068
49035,113709
49036,372988
49037,136827
49038,372469
49039,119655
49040,136944
49041,113763
49042,107735
49043,385920
49044,108045
49045,373195
49046,113594
49047,385929
49048,131718
49049,385749
49050,341971
49051,335465
49052,385843
49053,125182
49054,114005
49055,137017
49056,108058
49057,341956
49058,373239
49059,342239
49060,386014
49061,136975
49062,372945
49063,113694
49064,107610
49065,136809
49066,386226
49067,373220
49068,108021
49069,386320
49070,365000
49071,113951
49072,364499
49073,330143
49074,114106
49075,364951
49076,108124
49077,113723
49078,372905
49079,364252
49080,330195
49081,335483
49082,119946
49083,364526
49084,372495
49085,136959
49086,364447
49087,364141
49088,119487
49089,335849
49090,364919
49091,341976
49092,329921
49093,335737
49094,372982
49095,341904
49096,372953
49097,341903
49098,364261
49099,125130
49100,364487
49101,364187
49102,373221
49103,131878
49104,335549
49105,386176
49106,108049
49107,335544
49108,372566
49109,372464
49110,136968
49111,386250
49112,136980
49113,136967
49114,372506
49115,372527
49116,107775
49117,137065
49118,119884
49119,385702
49120,119628
49121,341975
49122,119616
49123,107769
49124,131652
49125,386276
49126,107983
49127,342097
49128,136843
49129,364733
49130,365067
49131,107896
49132,330161
49133,385903
49134,335816
49135,107809
49136,108023
49137,364295
49138,364127
49139,119777
49140,364198
49141,364889
49142,113781
49143,119532
49144,373036
49145,107652
49146,113743
49147,385710
49148,330249
49149,114009
49150,119729
49151,114073
49152,131680
49153,137001
49154,385597
49155,364185
49156,131916
49157,364731
49158,364362
49159,364892
49160,372675
49161,107612
49162,341921
49163,119417
49164,131663
49165,386048
49166,330047
49167,119733
49168,373037
49169,335460
49170,125038
49171,108057
49172,385977
49173,335793
49174,364814
49175,342066
49176,113868
49177,131825
49178,372910
49179,342059
49180,386015
49181,386224
49182,131922
49183,385789
49184,335860
49185,364113
49186,335883
49187,364665
49188,335772
49189,372694
49190,385553
49191,119512
49192,107764
49193,125045
49194,385936
49195,114041
49196,330236
49197,330252
49198,364809
49199,137071
49200,329941
49201,335828
49202,341952
49203,385911
49204,335472
49205,107651
49206,335496
49207,137081
49208,372932
49209,131810
49210,364234
49211,119427
49212,136797
49213,107885
49214,113610
49215,330072
49216,335553
49217,125238
49218,373252
49219,364343
49220,364666
49221,364446
49222,386155
49223,335565
49224,113825
49225,364515
49226,386049
49227,372754
49228,107846
49229,335918
49230,114056
49231,137092
49232,330148
49233,364811
49234,125186
49235,364320
49236,385558
49237,114047
49238,335591
49239,372893
49240,131890
49241,364954
49242,113832
49243,119691
49244,114057
49245,131766
49246,136846
49247,329979
49248,372862
49249,364364
49250,114013
49251,335922
49252,364445
49253,385987
49254,335851
49255,136867
49256,373231
49257,385636
49258,372786
49259,372541
49260,113761
49261,131934
49262,385656
49263,385569
49264,113952
49265,373030
49266,364910
49267,385830
49268,385827
49269,372474
49270,330197
49271,372809
49272,341936
49273,119782
49274,372996
49275,107817
49276,385841
49277,113820
49278,125046
49279,119407
49280,131705
49281,385886
49282,131669
49283,364721
49284,385568
49285,364766
49286,372739
49287,372868
49288,125101
49289,372492
49290,364291
49291,330268
49292,329985
49293,372525
49294,385793
49295,108105
49296,372582
49297,372957
49298,330190
49299,114145
49300,372544
49301,113831
49302,114109
49303,372733
49304,372556
49305,335920
49306,372680
49307,335818
49308,386168
49309,330244
49310,125026
49311,107824
49312,108139
49313,385881
49314,386152
49315,131730
49316,119601
49317,373152
49318,385803
49319,136919
49320,113992
49321,385962
49322,386096
49323,329910
49324,372640
49325,107816
49326,137157
49327,137266
49328,113692
49329,131852
49330,373251
49331,372580
49332,373023
49333,342002
49334,385894
49335,364438
49336,386322
49337,119749
49338,119878
49339,119608
49340,335605
49341,364646
49342,119564
49343,335537
49344,364223
49345,119505
49346,364519
49347,372451
49348,365027
49349,342044
49350,113708
49351,335506
49352,131660
49353,329982
49354,385650
49355,113983
49356,365022
49357,385801
49358,119945
49359,385813
49360,335621
49361,372559
49362,335441
49363,136911
49364,385731
49365,113855
49366,373229
49367,335676
49368,119443
49369,385764
49370,372664
49371,342001
49372,385826
49373,113680
49374,372760
49375,364484
49376,119457
49377,119826
49378,335701
49379,364894
49380,341996
49381,386171
49382,137023
49383,114012
49384,386318
49385,341978
49386,107806
49387,119848
49388,329958
49389,372801
49390,113806
49391,335524
49392,107911
49393,137085
49394,373010
49395,372911
49396,113915
49397,335434
49398,137063
49399,364316
49400,107820
49401,137039
49402,125237
49403,335876
49404,119835
49405,364960
49406,386190
49407,119585
49408,137146
49409,330127
49410,137030
49411,373096
49412,119598
49413,137182
49414,386088
49415,119393
49416,342254
49417,107753
49418,364541
49419,385699
49420,364551
49421,136981
49422,386131
49423,335741
49424,114084
49425,372946
49426,364745
49427,330050
49428,385861
49429,131746
49430,364587
49431,335582
49432,131824
49433,385620
49434,107991
49435,131865
49436,131698
49437,364468
49438,364930
49439,113814
49440,119887
49441,131642
49442,364772
49443,119907
49444,107614
49445,330051
49446,131697
49447,113636
49448,364278
49449,372837
49450,364828
49451,372766
49452,342188
49453,386231
49454,131720
49455,125137
49456,113796
49457,364247
49458,107865
49459,137264
49460,342143
49461,385984
49462,107725
49463,372823
49464,329945
49465,372509
49466,125139
49467,137245
49468,335631
49469,137180
49470,341980
49471,364217
49472,119432
49473,107737
49474,119705
49475,108055
49476,136892
49477,342233
49478,372660
49479,335710
49480,372758
49481,335838
49482,386166
49483,372711
49484,335667
49485,342209
49486,364097
49487,386080
49488,342252
49489,385585
49490,113937
49491,113782
49492,119825
49493,125212
49494,113773
49495,386179
49496,137207
49497,335443
49498,372596
49499,364653
49500,107848
49501,330088
49502,107967
49503,335437
49504,329960
49505,386000
49506,372900
49507,372881
49508,372491
49509,335426
49510,108007
49511,335653
49512,107951
49513,119864
49514,372746
49515,125099
49516,364311
49517,372824
49518,119942
49519,119556
49520,107732
49521,372828
49522,131734
49523,372890
49524,386182
49525,329894
49526,385897
49527,385959
49528,137088
49529,330211
49530,385907
49531,372653
49532,386259
49533,107912
49534,330203
49535,131813
49536,386069
49537,364423
49538,125043
49539,137262
49540,364454
49541,364661
49542,119664
49543,364250
49544,330178
49545,119774
49546,330121
49547,364861
49548,119582
49549,385900
49550,342062
49551,373020
49552,113697
49553,364391
49554,119436
49555,364297
49556,364559
49557,108022
49558,137028
49559,125062
49560,108062
49561,335844
49562,364796
49563,364314
49564,364788
49565,373169
49566,329999
49567,113687
49568,114076
49569,364368
49570,125138
49571,119599
49572,330082
49573,364741
49574,335745
49575,364709
49576,119960
49577,385671
49578,386210
49579,372573
49580,364099
49581,113824
49582,137276
49583,386313
49584,386172
49585,137162
49586,386282
49587,137196
49588,114026
49589,131774
49590,335560
49591,385954
49592,113813
49593,136966
49594,342257
49595,373176
49596,335493
49597,372889
49598,364612
49599,372587
49600,372944
49601,372595
49602,385701
49603,137132
49604,385672
49605,342126
49606,108092
49607,364271
49608,107886
49609,386047
49610,364975
49611,113595
49612,137125
49613,125042
49614,131759
49615,119400
49616,119450
49617,335548
49618,372603
49619,136845
49620,131816
49621,136803
49622,386216
49623,372688
49624,119827
49625,113715
49626,119727
49627,125204
49628,330059
49629,119895
49630,114069
49631,364932
49632,119706
49633,335687
49634,113774
49635,119508
49636,107720
49637,364435
49638,385689
49639,385688
49640,107879
49641,386309
49642,119411
49643,107746
49644,137218
49645,364249
49646,364614
49647,108141
49648,119465
49649,372590
49650,372776
49651,364694
49652,364451
49653,137110
49654,131760
49655,372721
49656,335511
49657,364747
49658,372836
49659,335890
49660,119728
49661,372729
49662,364194
49663,373093
49664,373026
49665,131832
49666,119911
49667,125174
49668,372771
49669,107919
49670,364953
49671,335490
49672,330041
49673,373069
49674,365035
49675,364528
49676,107979
49677,119978
49678,108137
49679,131823
49680,364858
49681,335610
49682,364876
49683,342116
49684,335563
49685,373105
49686,119717
49687,385872
49688,373000
49689,364608
49690,137117
49691,107905
49692,386142
49693,114107
49694,119970
49695,330037
49696,386297
49697,119820
49698,373040
49699,114098
49700,385640
49701,385889
49702,131655
49703,107791
49704,372935
49705,373013
49706,373017
49707,372726
49708,119674
49709,108085
49710,364791
49711,107803
49712,330034
49713,113768
49714,364775
49715,119885
49716,372719
49717,342095
49718,335428
49719,113609
49720,364998
49721,385811
49722,335424
49723,108109
49724,364803
49725,372723
49726,108117
49727,385885
49728,136836
49729,385993
49730,386258
49731,385709
49732,113843
49733,119803
49734,125087
49735,330135
49736,372757
49737,125233
49738,107680
49739,119737
49740,107710
49741,335422
49742,342244
49743,335735
49744,364379
49745,386160
49746,330070
49747,373091
49748,364569
49749,137014
49750,113849
49751,113675
49752,330043
49753,136909
49754,364530
49755,125216
49756,372591
49757,119712
49758,114035
49759,125244
49760,131925
49761,372749
49762,119662
49763,373051
49764,131696
49765,113648
49766,107903
49767,372571
49768,114031
49769,113895
49770,386314
49771,335575
49772,335619
49773,335629
49774,119451
49775,364797
49776,372929
49777,330219
49778,131936
49779,330167
49780,373092
49781,372449
49782,335742
49783,113815
49784,125172
49785,372696
49786,372849
49787,385865
49788,108015
49789,119580
49790,329889
49791,114007
49792,335879
49793,136818
49794,373116
49795,364895
49796,372656
49797,372931
49798,386098
49799,335546
49800,364937
49801,364756
49802,125181
49803,137188
49804,373122
49805,341914
49806,386278
49807,335583
49808,386271
49809,335774
49810,385634
49811,364289
49812,342198
49813,125185
49814,364372
49815,131667
49816,386233
49817,113750
49818,364904
49819,119535
49820,364873
49821,113718
49822,373234
49823,335576
49824,137011
49825,131819
49826,335463
49827,114065
49828,107923
49829,342106
49830,335457
49831,131930
49832,335558
49833,131826
49834,125033
49835,373057
49836,119797
49837,114102
49838,372624
49839,335802
49840,113826
49841,125140
49842,342166
49843,125150
49844,342194
49845,372906
49846,373009
49847,364537
49848,329939
49849,335873
49850,364719
49851,113593
49852,342208
49853,119709
49854,119881
49855,137192
49856,107609
49857,386191
49858,107687
49859,125118
49860,113823
49861,131665
49862,372908
49863,107866
49864,364149
49865,119605
49866,364857
49867,364225
49868,119497
49869,386157
49870,373199
49871,372764
49872,107711
49873,114033
49874,373062
49875,372697
49876,372682
49877,125183
49878,364089
49879,342173
49880,136887
49881,364286
49882,330218
49883,385906
49884,119854
49885,119844
49886,364257
49887,372583
49888,136899
49889,364735
49890,386106
49891,329959
49892,125125
49893,385673
49894,107618
49895,342067
49896,137158
49897,131894
49898,125160
49899,329884
49900,137000
49901,372601
49902,364764
49903,373168
49904,372705
49905,107932
49906,107650
49907,372901
49908,119624
49909,341917
49910,372928
49911,364351
49912,107958
49913,137198
49914,330254
49915,372645
49916,119515
49917,373073
49918,373161
49919,364215
49920,125157
49921,131686
49922,125242
49923,329888
49924,119808
49925,108108
49926,113965
49927,364229
49928,107948
49929,386062
49930,137086
49931,372470
49932,364366
49933,364408
49934,137277
49935,125129
49936,125220
49937,119433
49938,373211
49939,385820
49940,108053
49941,119832
49942,335554
49943,386295
49944,335690
49945,119839
49946,385966
49947,119769
49948,131761
49949,330262
49950,131785
49951,373053
49952,119667
49953,330097
49954,119495
49955,385934
49956,364512
49957,373021
49958,373075
49959,107749
49960,365057
49961,330030
49962,364678
49963,125215
49964,131862
49965,364659
49966,119916
49967,335475
49968,107996
49969,364310
49970,341935
49971,107700
49972,364258
49973,372877
49974,342131
49975,373183
49976,372537
49977,108030
49978,373008
49979,329911
49980,137193
49981,364472
49982,119780
49983,107947
49984,335797
49985,137015
49986,373012
49987,364703
49988,364376
49989,373227
49990,335902
49991,107760
49992,386097
49993,136926
49994,364517
49995,108020
49996,107813
49997,137067
49998,107828
49999,113938
50000,385939
50001,131630
50002,335650
50003,335670
50004,119787
50005,364740
50006,335675
50007,372784
50008,137174
50009,341985
50010,119762
50011,107799
50012,364122
50013,335603
50014,114133
50015,342212
50016,330223
50017,113623
50018,329944
50019,386063
50020,113758
50021,137058
50022,136989
50023,364554
50024,119751
50025,335620
50026,364354
50027,386267
50028,364899
50029,119710
50030,113899
50031,372975
50032,330125
50033,131815
50034,385888
50035,364339
50036,137047
50037,119528
50038,364836
50039,119657
50040,131777
50041,342019
50042,137127
50043,364931
50044,330142
50045,119623
50046,119720
50047,341999
50048,131888
50049,113635
50050,385950
50051,119974
50052,113622
50053,373197
50054,114119
50055,107604
50056,114001
50057,137261
50058,364353
50059,136928
50060,330086
50061,385916
50062,385700
50063,335763
50064,373189
50065,119959
50066,119386
50067,137179
50068,335864
50069,137123
50070,137185
50071,342186
50072,386092
50073,119444
50074,119676
50075,372873
50076,386053
50077,364974
50078,386135
50079,335625
50080,364557
50081,364648
50082,136821
50083,385583
50084,364952
50085,137251
50086,385921
50087,113659
50088,364573
50089,364421
50090,365062
50091,342042
50092,385643
50093,119473
50094,364618
50095,113948
50096,330221
50097,113717
50098,125112
50099,137278
50100,131919
50101,136889
50102,335840
50103,137247
50104,335734
50105,131933
50106,108047
50107,107608
50108,119641
50109,385973
50110,364840
50111,119814
50112,113908
50113,372728
50114,125187
50115,131938
50116,107818
50117,136943
50118,136925
50119,364955
50120,364783
50121,385667
50122,119534
50123,364443
50124,372977
50125,107678
50126,364429
50127,136815
50128,119502
50129,364267
50130,385871
50131,107897
50132,119569
50133,385777
50134,113897
50135,364363
50136,364434
50137,364426
50138,364509
50139,373110
50140,386099
50141,364190
50142,329909
50143,373207
50144,119480
50145,137199
50146,107850
50147,335630
50148,329968
50149,131788
50150,335846
50151,385949
50152,342008
50153,136865
50154,385617
50155,113762
50156,113795
50157,364419
50158,119584
50159,119430
50160,137104
50161,113874
50162,136946
50163,119597
50164,131689
50165,125206
50166,335540
50167,107722
50168,364923
50169,335494
50170,107915
50171,113949
50172,330130
50173,364799
50174,119537
50175,107787
50176,372856
50177,385831
50178,136890
50179,386255
50180,136929
50181,335668
50182,341982
50183,372792
50184,342145
50185,372787
50186,136885
50187,364356
50188,372646
50189,119793
50190,341962
50191,107796
50192,364100
50193,335529
50194,386205
50195,364896
50196,372625
50197,113980
50198,341986
50199,119506
50200,364544
50201,114088
50202,136918
50203,335841
50204,107900
50205,114049
50206,372687
50207,330021
50208,372533
50209,364812
50210,335836
50211,119761
50212,131635
50213,137206
50214,364863
50215,364984
50216,342171
50217,373138
50218,386310
50219,385819
50220,107626
50221,137151
50222,335559
50223,342125
50224,372965
50225,114058
50226,107929
50227,342099
50228,372690
50229,335547
50230,113713
50231,137069
50232,342167
50233,364251
50234,373128
50235,119577
50236,386281
50237,342147
50238,131722
50239,386009
50240,386311
50241,385646
50242,364101
50243,385692
50244,364238
50245,372634
50246,341912
50247,341919
50248,136979
50249,335601
50250,385648
50251,119516
50252,372822
50253,385880
50254,386078
50255,372662
50256,335452
50257,386280
50258,364425
50259,113846
50260,364386
50261,335901
50262,107798
50263,386145
50264,113745
50265,365064
50266,330011
50267,365052
50268,335915
50269,131681
50270,108089
50271,385623
50272,329892
50273,373250
50274,385730
50275,372522
50276,335567
50277,385676
50278,364308
50279,113882
50280,372939
50281,131932
50282,107790
50283,386239
50284,335570
50285,119510
50286,113957
50287,137244
50288,107839
50289,372471
50290,385695
50291,107748
50292,108027
50293,119489
50294,364374
50295,342021
50296,335522
50297,113883
50298,330123
50299,131873
50300,330048
50301,373224
50302,385591
50303,372599
50304,364595
50305,108133
50306,386108
50307,373039
50308,136837
50309,107744
50310,365040
50311,329924
50312,385571
50313,131733
50314,136902
50315,364125
50316,335814
50317,364663
50318,364963
50319,108104
50320,114148
50321,372629
50322,137089
50323,373098
50324,335807
50325,364823
50326,364973
50327,119384
50328,131763
50329,335614
50330,364845
50331,335871
50332,386206
50333,113769
50334,107776
50335,364228
50336,114068
50337,385807
50338,136790
50339,364092
50340,107972
50341,125167
50342,335910
50343,119406
50344,386113
50345,386294
50346,372826
50347,385771
50348,119847
50349,385589
50350,113981
50351,373182
50352,119469
50353,364279
50354,119860
50355,335638
50356,385645
50357,131737
50358,372940
50359,330146
50360,342022
50361,330182
50362,329935
50363,137186
50364,136931
50365,364871
50366,372937
50367,108091
50368,125180
50369,119382
50370,131647
50371,373136
50372,125079
50373,364175
50374,125163
50375,372782
50376,119445
50377,136783
50378,119696
50379,364620
50380,119527
50381,119746
50382,386105
50383,364956
50384,364146
50385,108090
50386,136972
50387,364831
50388,108010
50389,373218
50390,372676
50391,125146
50392,372798
50393,373103
50394,385991
50395,373241
50396,137032
50397,342169
50398,137184
50399,385937
50400,335635
50401,119453
50402,113894
50403,364970
50404,364216
50405,330145
50406,113803
50407,335612
50408,113838
50409,113777
50410,131656
50411,113914
50412,330017
50413,372518
50414,137095
50415,113984
50416,114092
50417,385581
50418,137098
50419,335646
50420,386234
50421,386269
50422,125117
50423,364136
50424,107973
50425,119529
50426,372743
50427,342138
50428,365061
50429,107686
50430,386306
50431,136814
50432,330052
50433,364701
50434,137121
50435,386128
50436,372912
50437,108039
50438,125209
50439,385753
50440,364203
50441,385905
50442,119566
50443,372994
50444,364682
50445,385740
50446,373196
50447,119977
50448,137165
50449,372974
50450,385901
50451,136863
50452,365041
50453,137240
50454,364186
50455,365010
50456,113732
50457,364395
50458,330230
50459,330111
50460,385741
50461,119734
50462,119783
50463,335624
50464,342232
50465,342196
50466,364838
50467,137061
50468,335596
50469,364270
50470,136822
50471,119920
50472,385630
50473,119822
50474,330002
50475,107797
50476,364820
50477,119831
50478,131914
50479,119603
50480,136985
50481,364483
50482,114064
50483,330022
50484,335887
50485,364525
50486,131794
50487,364765
50488,364945
50489,119477
50490,113703
50491,113760
50492,335688
50493,386112
50494,107644
50495,364325
50496,330141
50497,335557
50498,372847
50499,335470
50500,364375
50501,385557
50502,335615
50503,335770
50504,364692
50505,385835
50506,372804
50507,364561
50508,386162
50509,335706
50510,113848
50511,113751
50512,364882
50513,365021
50514,329875
50515,373005
50516,341923
50517,335659
50518,125205
50519,330087
50520,372821
50521,364470
50522,107729
50523,137136
50524,373070
50525,119484
50526,119385
50527,114120
50528,113871
50529,136813
50530,372467
50531,119424
50532,107669
50533,342045
50534,136806
50535,373204
50536,125175
50537,364989
50538,372635
50539,107681
50540,108096
50541,385780
50542,372802
50543,125068
50544,373132
50545,364594
50546,113900
50547,373055
50548,107675
50549,365007
50550,330187
50551,372789
50552,372751
50553,119776
50554,372997
50555,330258
50556,131835
50557,385570
50558,372717
50559,342158
50560,341963
50561,335534
50562,137249
50563,372568
50564,107757
50565,364958
50566,386011
50567,136949
50568,364997
50569,372500
50570,125023
50571,137258
50572,107940
50573,385633
50574,131838
50575,364971
50576,364864
50577,108082
50578,364782
50579,113967
50580,119543
50581,364991
50582,365069
50583,386246
50584,364684
50585,136956
50586,364639
50587,329988
50588,364336
50589,119588
50590,330246
50591,107916
50592,113640
50593,137250
50594,137275
50595,373148
50596,364553
50597,136839
50598,119659
50599,364753
50600,364331
50601,373031
50602,342187
50603,329974
50604,108006
50605,119490
50606,341930
50607,107702
50608,385675
50609,108131
50610,373088
50611,365029
50612,330174
50613,114016
50614,131687
50615,386110
50616,131874
50617,335817
50618,113598
50619,119778
50620,131657
50621,329932
50622,385908
50623,342006
50624,136997
50625,373213
50626,372767
50627,119431
50628,364538
50629,119694
50630,113970
50631,342049
50632,119638
50633,373011
50634,330154
50635,372948
50636,342162
50637,330159
50638,385761
50639,364243
50640,364367
50641,386289
50642,119509
50643,136884
50644,108123
50645,113649
50646,125110
50647,335823
50648,364591
50649,335543
50650,119687
50651,330191
50652,386324
50653,385723
50654,386256
50655,113634
50656,364792
50657,136984
50658,342000
50659,364263
50660,137144
50661,137233
50662,372613
50663,372942
50664,113913
50665,372485
50666,137163
50667,372612
50668,372478
50669,342225
50670,131931
50671,329965
50672,113799
50673,108008
50674,119725
50675,137161
50676,364335
50677,125049
50678,364834
50679,364900
50680,373126
50681,373016
50682,365060
50683,131851
50684,114090
50685,372913
50686,335600
50687,137135
50688,365055
50689,125224
50690,330044
50691,372874
50692,372655
50693,373201
50694,364539
50695,385965
50696,329937
50697,373060
50698,113757
50699,113655
50700,372592
50701,335471
50702,125188
50703,114059
50704,119949
50705,125202
50706,364730
50707,330113
50708,125086
50709,108019
50710,119800
50711,108074
50712,373215
50713,125143
50714,119573
50715,372993
50716,107901
50717,329981
50718,335594
50719,372790
50720,364254
50721,385890
50722,365056
50723,107779
50724,137060
50725,335611
50726,119492
50727,386252
50728,107928
50729,131814
50730,372602
50731,335886
50732,119856
50733,125027
50734,386253
50735,373236
50736,131908
50737,136991
50738,329906
50739,342036
50740,372450
50741,125082
50742,119500
50743,342184
50744,108114
50745,136844
50746,330256
50747,335781
50748,329900
50749,119857
50750,107949
50751,364748
50752,125239
50753,373178
50754,342053
50755,386100
50756,341897
50757,364124
50758,119924
50759,385576
50760,107671
50761,335765
50762,136963
50763,108115
50764,364332
50765,385855
50766,136912
50767,107624
50768,137142
50769,113720
50770,335811
50771,330114
50772,364140
50773,107639
50774,364944
50775,386288
50776,385765
50777,137038
50778,131778
50779,341942
50780,365001
50781,385610
50782,329897
50783,125225
50784,107933
50785,364798
50786,113997
50787,386017
50788,385579
50789,119507
50790,386327
50791,364712
50792,113704
50793,119716
50794,386037
50795,107698
50796,113716
50797,335726
50798,330026
50799,113835
50800,107777
50801,342009
50802,364197
50803,364826
50804,107786
50805,137167
50806,364929
50807,119647
50808,364921
50809,330212
50810,119790
50811,107837
50812,364597
50813,372673
50814,113903
50815,372461
50816,365006
50817,330079
50818,373094
50819,131811
50820,329938
50821,329964
50822,364806
50823,335589
50824,330260
50825,335477
50826,125184
50827,364418
50828,386323
50829,107830
50830,131702
50831,364328
50832,364785
50833,119948
50834,335868
50835,107715
50836,131753
50837,385808
50838,107937
50839,335861
50840,119533
50841,131828
50842,119903
50843,113779
50844,329963
50845,131797
50846,119819
50847,373191
50848,125200
50849,113590
50850,329907
50851,330248
50852,342080
50853,342136
50854,342098
50855,364172
50856,372466
50857,107876
50858,335450
50859,136858
50860,385946
50861,341950
50862,335780
50863,125098
50864,385926
50865,373084
50866,107950
50867,330129
50868,372980
50869,113853
50870,107759
50871,107620
50872,137271
50873,386247
50874,335779
50875,108078
50876,364431
50877,341909
50878,364096
50879,137120
50880,119644
50881,330144
50882,136812
50883,335732
50884,385596
50885,372669
50886,107602
50887,342185
50888,386326
50889,131742
50890,335740
50891,330126
50892,108079
50893,372817
50894,329882
50895,364321
50896,137042
50897,364750
50898,119723
50899,119611
50900,137055
50901,107611
50902,341989
50903,131822
50904,131790
50905,385785
50906,386213
50907,330247
50908,385635
50909,364318
50910,372774
50911,136859
50912,372658
50913,113851
50914,342214
50915,364464
50916,364556
50917,136847
50918,137273
50919,113881
50920,385697
50921,372744
50922,335756
50923,372938
50924,131806
50925,385754
50926,364585
50927,385969
50928,373238
50929,107741
50930,125162
50931,365042
50932,373203
50933,364495
50934,107613
50935,107936
50936,119794
50937,114152
50938,107863
50939,386020
50940,131653
50941,119673
50942,114010
50943,107930
50944,125120
50945,386325
50946,108009
50947,385572
50948,131929
50949,385927
50950,113672
50951,137027
50952,137084
50953,335719
50954,330255
50955,330153
50956,113884
50957,364253
50958,113738
50959,386222
50960,364609
50961,364697
50962,119632
50963,385683
50964,364865
50965,372501
50966,119652
50967,335509
50968,119466
50969,125124
50970,137169
50971,373184
50972,335725
50973,113790
50974,385602
50975,364504
50976,137036
50977,113662
50978,131728
50979,107977
50980,335696
50981,137181
50982,386052
50983,119675
50984,107934
50985,119867
50986,372747
50987,386107
50988,119387
50989,342048
50990,107750
50991,335590
50992,342040
50993,372815
50994,364422
50995,364205
50996,364106
50997,385573
50998,131639
50999,329976
51000,372553
51001,372918
51002,107607
51003,364851
51004,364292
51005,385860
51006,372990
51007,113996
51008,114082
51009,342227
51010,342033
51011,372642
51012,341933
51013,335848
51014,113867
51015,107878
51016,364456
51017,330160
51018,372496
51019,341987
51020,335826
51021,386077
51022,385786
51023,386221
51024,386263
51025,372644
51026,364905
51027,373162
51028,342093
51029,364098
51030,385566
51031,119873
51032,107782
51033,107805
51034,364714
51035,364424
51036,125159
51037,364121
51038,335867
51039,107783
51040,137267
51041,372545
51042,342113
51043,131745
51044,131856
51045,385853
51046,113686
51047,107968
51048,364915
51049,342153
51050,114122
51051,125081
51052,119553
51053,330038
51054,330036
51055,364287
51056,107988
51057,131895
51058,136999
51059,364095
51060,113638
51061,107883
51062,136936
51063,385603
51064,137075
51065,125111
51066,335730
51067,330234
51068,372614
51069,330156
51070,365038
51071,372569
51072,137246
51073,136791
51074,364616
51075,329877
51076,364872
51077,364382
51078,119583
51079,365018
51080,335445
51081,125107
51082,364987
51083,113651
51084,385637
51085,131693
51086,335476
51087,365019
51088,365053
51089,107727
51090,107894
51091,125054
51092,364474
51093,372791
51094,330215
51095,114080
51096,330184
51097,335722
51098,108069
51099,329904
51100,136948
51101,131927
51102,372462
51103,107990
51104,330139
51105,385842
51106,364507
51107,114028
51108,373212
51109,330025
51110,137138
51111,113740
51112,386005
51113,137214
51114,113630
51115,364849
51116,125063
51117,385887
51118,108135
51119,131632
51120,373045
51121,119475
51122,335427
51123,364720
51124,113663
51125,335502
51126,385931
51127,330138
51128,335473
51129,385997
51130,131792
51131,108130
51132,113850
51133,364496
51134,364912
51135,364516
51136,119685
51137,372992
51138,137260
51139,335469
51140,372984
51141,119547
51142,372813
51143,330019
51144,119639
51145,335438
51146,365066
51147,364827
51148,137197
51149,107742
51150,372546
51151,125080
51152,131709
51153,107655
51154,335531
51155,342061
51156,119620
51157,372691
51158,386046
51159,373133
51160,113770
51161,119771
51162,131715
51163,364737
51164,342124
51165,108076
51166,373179
51167,373071
51168,385970
51169,113683
51170,137009
51171,386130
51172,385693
51173,107781
51174,107648
51175,372714
51176,125119
51177,136796
51178,131650
51179,364290
51180,364173
51181,137200
51182,385681
51183,335904
51184,364230
51185,125113
51186,330189
51187,330226
51188,119836
51189,329992
51190,342100
51191,113653
51192,113942
51193,364150
51194,373180
51195,365071
51196,108126
51197,372703
51198,372737
51199,330075
51200,342245
51201,342193
51202,113995
51203,131937
51204,364222
51205,386040
51206,335731
51207,342024
51208,386028
51209,373111
51210,364397
51211,108046
51212,342079
51213,364592
51214,330267
51215,119926
51216,114112
51217,330155
51218,119420
51219,386025
51220,364965
51221,335526
51222,137021
51223,385666
51224,119934
51225,364918
51226,119446
51227,125155
51228,137265
51229,107851
51230,364760
51231,372926
51232,125135
51233,373081
51234,330010
51235,373127
51236,119491
51237,341977
51238,364579
51239,330003
51240,136941
51241,108014
51242,372921
51243,119909
51244,131634
51245,330014
51246,364644
51247,330180
51248,107736
51249,131679
51250,372564
51251,364207
51252,341959
51253,131717
51254,107657
51255,330099
51256,342117
51257,329879
51258,107801
51259,373171
51260,107832
51261,372861
51262,342032
51263,385707
51264,114123
51265,114142
51266,107807
51267,137073
51268,372686
51269,364493
51270,114151
51271,372626
51272,373186
51273,107870
51274,335751
51275,372702
51276,114095
51277,385795
51278,342179
51279,119957
51280,385587
51281,335882
51282,107637
51283,342137
51284,107676
51285,131743
51286,364950
51287,372843
51288,364676
51289,364520
51290,342154
51291,113887
51292,364572
51293,386180
51294,372489
51295,335439
51296,131860
51297,107944
51298,385898
51299,107981
51300,131850
51301,385772
51302,385712
51303,372654
51304,335456
51305,137209
51306,364387
51307,131840
51308,364482
51309,372895
51310,372477
51311,364166
51312,137043
51313,137222
51314,364626
51315,113788
51316,108084
51317,113862
51318,364415
51319,335609
51320,372882
51321,335776
51322,373115
51323,373129
51324,119546
51325,364598
51326,364773
51327,342076
51328,364818
51329,119883
51330,119747
51331,113752
51332,364959
51333,385828
51334,385742
51335,386138
51336,386111
51337,119692
51338,136842
51339,364990
51340,386164
51341,385714
51342,119789
51343,385854
51344,113944
51345,107856
51346,131666
51347,131877
51348,107761
51349,335896
51350,364304
51351,136937
51352,119663
51353,125133
51354,119504
51355,131903
51356,335748
51357,119851
51358,119718
51359,373144
51360,364480
51361,364179
51362,125041
51363,386095
51364,335432
51365,364471
51366,329920
51367,335448
51368,364392
51369,372670
51370,335923
51371,335752
51372,137059
51373,119558
51374,364856
51375,119763
51376,119610
51377,335618
51378,386153
51379,341948
51380,114006
51381,119441
51382,113681
51383,131754
51384,373032
51385,114131
51386,364725
51387,372753
51388,364752
51389,131875
51390,114149
51391,372452
51392,329880
51393,364603
51394,385876
51395,113876
51396,342243
51397,113637
51398,113748
51399,364957
51400,364196
51401,342128
51402,329955
51403,385752
51404,364466
51405,131690
51406,113631
51407,330013
51408,385755
51409,335484
51410,137219
51411,372460
51412,386225
51413,372730
51414,119437
51415,342139
51416,372725
51417,125122
51418,136789
51419,125057
51420,113857
51421,107738
51422,372547
51423,136908
51424,125061
51425,372606
51426,107966
51427,113979
51428,107960
51429,131861
51430,372959
51431,137152
51432,364810
51433,364337
51434,342111
51435,335501
51436,386302
51437,335783
51438,108129
51439,329970
51440,119764
51441,372794
51442,364589
51443,372597
51444,385902
51445,125050
51446,119442
51447,372870
51448,372607
51449,136998
51450,125199
51451,364916
51452,342073
51453,373025
51454,364549
51455,108099
51456,364302
51457,107843
51458,342056
51459,372490
51460,385759
51461,342134
51462,364486
51463,364690
51464,119870
51465,372780
51466,136856
51467,386008
51468,119901
51469,335866
51470,365014
51471,386109
51472,386060
51473,386083
51474,335862
51475,335581
51476,131924
51477,119454
51478,364393
51479,364199
51480,125176
51481,107867
51482,136838
51483,342255
51484,330115
51485,385644
51486,341972
51487,114072
51488,119625
51489,364440
51490,136880
51491,386268
51492,342064
51493,329978
51494,131917
51495,342085
51496,330131
51497,131631
51498,364545
51499,119892
51500,342174
51501,107733
51502,119935
51503,335720
51504,137237
51505,107667
51506,372584
51507,131756
51508,364284
51509,385878
51510,364631
51511,364501
51512,107704
51513,386194
51514,107628
51515,364943
51516,330176
51517,364870
51518,119604
51519,385662
51520,107980
51521,385736
51522,342107
51523,113603
51524,119952
51525,137062
51526,372695
51527,364758
51528,335453
51529,372488
51530,372799
51531,113627
51532,385747
51533,372745
51534,125152
51535,335451
51536,364867
51537,342047
51538,373079
51539,386038
51540,113878
51541,364094
51542,330040
51543,364535
51544,330006
51545,372933
51546,372914
51547,385892
51548,107668
51549,364226
51550,329967
51551,364357
51552,364897
51553,335686
51554,131676
51555,107770
51556,372783
51557,107684
51558,107683
51559,113668
51560,119812
51561,113858
51562,125193
51563,372834
51564,385980
51565,385720
51566,131668
51567,113660
51568,136995
51569,364442
51570,330018
51571,372611
51572,386134
51573,364575
51574,386018
51575,125055
51576,119555
51577,341997
51578,342119
51579,119686
51580,131868
51581,137074
51582,329914
51583,385756
51584,385598
51585,113829
51586,386308
51587,385624
51588,335724
51589,385608
51590,373035
51591,364885
51592,364389
51593,385964
51594,131769
51595,341940
51596,386304
51597,113958
51598,131628
51599,137201
51600,125229
51601,107621
51602,364976
51603,385919
51604,385928
51605,330089
51606,372902
51607,108056
51608,136804
51609,386007
51610,119618
51611,372917
51612,385652
51613,113722
51614,385732
51615,364236
51616,136788
51617,385930
51618,119478
51619,385565
51620,335658
51621,364107
51622,385706
51623,114135
51624,330073
51625,137033
51626,386076
51627,386071
51628,364866
51629,385678
51630,385873
51631,329996
51632,107731
51633,131651
51634,385945
51635,113629
51636,335824
51637,372842
51638,136994
51639,364433
51640,113907
51641,131741
51642,386316
51643,372710
51644,137256
51645,131847
51646,137004
51647,119545
51648,136854
51649,386065
51650,113969
51651,335789
51652,330045
51653,107751
51654,335602
51655,385611
51656,364695
51657,335564
51658,131735
51659,335430
51660,364854
51661,385778
51662,137287
51663,131724
51664,330039
51665,107926
51666,386021
51667,136808
51668,136952
51669,113684
51670,385814
51671,335899
51672,373149
51673,335681
51674,113945
51675,125158
51676,341988
51677,372565
51678,386051
51679,335778
51680,131820
51681,113982
51682,131675
51683,364241
51684,372463
51685,113765
51686,385716
51687,364142
51688,342120
51689,364724
51690,372850
51691,330239
51692,113670
51693,386229
51694,119938
51695,329885
51696,364160
51697,137204
51698,131672
51699,372720
51700,330224
51701,136886
51702,364161
51703,113975
51704,364909
51705,330196
51706,372820
51707,372860
51708,137242
51709,385660
51710,335736
51711,364581
51712,119648
51713,341911
51714,341945
51715,107857
51716,342027
51717,385773
51718,119972
51719,108026
51720,341981
51721,364726
51722,373200
51723,136953
51724,335810
51725,125226
51726,373181
51727,364815
51728,119665
51729,114032
51730,330078
51731,125052
51732,114128
51733,364452
51734,107721
51735,365036
51736,107768
51737,335891
51738,373112
51739,364924
51740,372616
51741,107724
51742,335508
51743,330101
51744,119817
51745,107908
51746,114021
51747,386159
51748,385941
51749,364237
51750,330031
51751,342068
51752,119525
51753,108111
51754,364463
51755,113817
51756,125149
51757,385719
51758,386061
51759,330175
51760,364922
51761,385658
51762,372864
51763,335872
51764,119418
51765,137178
51766,114015
51767,131678
51768,364610
51769,137012
51770,125077
51771,114129
51772,342015
51773,364768
51774,131649
51775,364108
51776,119843
51777,119541
51778,342058
51779,114132
51780,385924
51781,342217
51782,372468
51783,342108
51784,330091
51785,113744
51786,341966
51787,364128
51788,385914
51789,364319
51790,335636
51791,364707
51792,119459
51793,364962
51794,342130
51795,131893
51796,131843
51797,385769
51798,335769
51799,364755
51800,107957
51801,330263
51802,364841
51803,125194
51804,364757
51805,113859
51806,137010
51807,342035
51808,364749
51809,119482
51810,372958
51811,342226
51812,341992
51813,335458
51814,119859
51815,373108
51816,372748
51817,108001
51818,372648
51819,386330
51820,119964
51821,364835
51822,335889
51823,330222
51824,125170
51825,136914
51826,119514
51827,386165
51828,125166
51829,108050
51830,342025
51831,107873
51832,330015
51833,364377
51834,125106
51835,335894
51836,119578
51837,342205
51838,364414
51839,342229
51840,373064
51841,335798
51842,364306
51843,373140
51844,364877
51845,108005
51846,108000
51847,364875
51848,119642
51849,114038
51850,364156
51851,119607
51852,335919
51853,107899
51854,113645
51855,335623
51856,342037
51857,385895
51858,114100
51859,385768
51860,131928
51861,131871
51862,385787
51863,113725
51864,372486
51865,372510
51866,131879
51867,364920
51868,136819
51869,385604
51870,107874
51871,329942
51872,373208
51873,335535
51874,335533
51875,335500
51876,131776
51877,342023
51878,364999
51879,119932
51880,113852
51881,119824
51882,372713
51883,119567
51884,330232
51885,131910
51886,335435
51887,364272
51888,113827
51889,386001
51890,108044
51891,364628
51892,342110
51893,107605
51894,335777
51895,365045
51896,329943
51897,137040
51898,342156
51899,107714
51900,119594
51901,364715
51902,386248
51903,342164
51904,385690
51905,131779
51906,372927
51907,114051
51908,372879
51909,335573
51910,335539
51911,385639
51912,385590
51913,364189
51914,113856
51915,342211
51916,385574
51917,373175
51918,107998
51919,119698
51920,335755
51921,107922
51922,342176
51923,119397
51924,329986
51925,119886
51926,113691
51927,108003
51928,364565
51929,107931
51930,386072
51931,335800
51932,341960
51933,386006
51934,335875
51935,342127
51936,330241
51937,385933
51938,372962
51939,131703
51940,335480
51941,386232
51942,119913
51943,136868
51944,113727
51945,386257
51946,335578
51947,342189
51948,330005
51949,137235
51950,341899
51951,119629
51952,119643
51953,329962
51954,107642
51955,386283
51956,373147
51957,365033
51958,125218
51959,386043
51960,136857
51961,335746
51962,119544
51963,335835
51964,113873
51965,131876
51966,386189
51967,107804
51968,107616
51969,364532
51970,335672
51971,372925
51972,341915
51973,372955
51974,372483
51975,119722
51976,365047
51977,364174
51978,119799
51979,364293
51980,125037
51981,364759
51982,119810
51983,372627
51984,335446
51985,342235
51986,364201
51987,119390
51988,342051
51989,114002
51990,335795
51991,364204
51992,385616
51993,364613
51994,125168
51995,335761
51996,364837
51997,385852
51998,107634
51999,364533
52000,372608
52001,119539
52002,131755
52003,365015
52004,341916
52005,364645
52006,364450
52007,137213
52008,385743
52009,372865
52010,119862
52011,119425
52012,113787
52013,364413
52014,342003
52015,113755
52016,372494
52017,131646
52018,137279
52019,335760
52020,107772
52021,107882
52022,107666
52023,386244
52024,385917
52025,335606
52026,114020
52027,335853
52028,119905
52029,364933
52030,364634
52031,113741
52032,107694
52033,364299
52034,114040
52035,386329
52036,114118
52037,113620
52038,107636
52039,119574
52040,335711
52041,372793
52042,137079
52043,385846
52044,364359
52045,131771
52046,386174
52047,364330
52048,136992
52049,119613
52050,364655
52051,119586
52052,107910
52053,372577
52054,364116
52055,330140
52056,386321
52057,119428
52058,114134
52059,108004
52060,125095
52061,113923
52062,364352
52063,119742
52064,372922
52065,364813
52066,373066
52067,364280
52068,372560
52069,372800
52070,335487
52071,341907
52072,373087
52073,364981
52074,364475
52075,335852
52076,330056
52077,385704
52078,386293
52079,364462
52080,335655
52081,373167
52082,341968
52083,131802
52084,364744
52085,386214
52086,335654
52087,372891
52088,364417
52089,335572
52090,119615
52091,364566
52092,113880
52093,330166
52094,364795
52095,108081
52096,372970
52097,372535
52098,342159
52099,385698
52100,373125
52101,119523
52102,335695
52103,119550
52104,113921
52105,330204
52106,386270
52107,125128
52108,365020
52109,131732
52110,119486
52111,329956
52112,342190
52113,107658
52114,113911
52115,372878
52116,364807
52117,372778
52118,385848
52119,364681
52120,113591
52121,364163
52122,119756
52123,108031
52124,372825
52125,364698
52126,364914
52127,372639
52128,107877
52129,364906
52130,364307
52131,330054
52132,108051
52133,108065
52134,137150
52135,119956
52136,330201
52137,330001
52138,329917
52139,373104
52140,107892
52141,119869
52142,342074
52143,330057
52144,385981
52145,108067
52146,131748
52147,372983
52148,385775
52149,364832
52150,137216
52151,372979
52152,386044
52153,386209
52154,342090
52155,342054
52156,372453
52157,364123
52158,137284
52159,107889
52160,119699
52161,386073
52162,364552
52163,335588
52164,131714
52165,385770
52166,131700
52167,372811
52168,131685
52169,385913
52170,113666
52171,113929
52172,113764
52173,335525
52174,372516
52175,136906
52176,342060
52177,335819
52178,136851
52179,385615
52180,113801
52181,329983
52182,125056
52183,335709
52184,364776
52185,119801
52186,191628
52187,215001
52188,191309
52189,203656
52190,237600
52191,269566
52192,244124
52193,256607
52194,190825
52195,256632
52196,203126
52197,215095
52198,203734
52199,191457
52200,244284
52201,230018
52202,230244
52203,215819
52204,229610
52205,268648
52206,238082
52207,203975
52208,202729
52209,203373
52210,202881
52211,230142
52212,237578
52213,269681
52214,229574
52215,269165
52216,244042
52217,190838
52218,256936
52219,214827
52220,215440
52221,214916
52222,191336
52223,203389
52224,229705
52225,190745
52226,243862
52227,203294
52228,191776
52229,215509
52230,269571
52231,257243
52232,237589
52233,190704
52234,269264
52235,256565
52236,256788
52237,202854
52238,190906
52239,191024
52240,244149
52241,243970
52242,268785
52243,268892
52244,243624
52245,203890
52246,214877
52247,244584
52248,215222
52249,244600
52250,203133
52251,243741
52252,269143
52253,215560
52254,256950
52255,256059
52256,256849
52257,215278
52258,203675
52259,268959
52260,215465
52261,269137
52262,237727
52263,203507
52264,203092
52265,202978
52266,244207
52267,243607
52268,191011
52269,237875
52270,215670
52271,269718
52272,215251
52273,269311
52274,238244
52275,214854
52276,190980
52277,256519
52278,269680
52279,243714
52280,190846
52281,257258
52282,256667
52283,203647
52284,237744
52285,191168
52286,229958
52287,215249
52288,191290
52289,268782
52290,203615
52291,190773
52292,215114
52293,191700
52294,229573
52295,237590
52296,244595
52297,243641
52298,229505
52299,215104
52300,237610
52301,191512
52302,256629
52303,243646
52304,229226
52305,203009
52306,244271
52307,269578
52308,268997
52309,269654
52310,244315
52311,256570
52312,244031
52313,190749
52314,243471
52315,230209
52316,256265
52317,237841
52318,269561
52319,191635
52320,257070
52321,230011
52322,224478
52323,190713
52324,215363
52325,257200
52326,203829
52327,238282
52328,269180
52329,256628
52330,214939
52331,237604
52332,269227
52333,243692
52334,269172
52335,243765
52336,237717
52337,215647
52338,216052
52339,203048
52340,237828
52341,229417
52342,269762
52343,191146
52344,256371
52345,229642
52346,238363
52347,215606
52348,244388
52349,203068
52350,244226
52351,244345
52352,256399
52353,215508
52354,269189
52355,229764
52356,214768
52357,203142
52358,269755
52359,203914
52360,215581
52361,269090
52362,230181
52363,269706
52364,191715
52365,191316
52366,243883
52367,203275
52368,256847
52369,244058
52370,224660
52371,256833
52372,215641
52373,215932
52374,243868
52375,203816
52376,257215
52377,269660
52378,191035
52379,202738
52380,203586
52381,256505
52382,229977
52383,237602
52384,230229
52385,256747
52386,237685
52387,190662
52388,244258
52389,237751
52390,203071
52391,229607
52392,229365
52393,214869
52394,215946
52395,224565
52396,237961
52397,269474
52398,256063
52399,191143
52400,243769
52401,269324
52402,203956
52403,215543
52404,203700
52405,256848
52406,229316
52407,215859
52408,229371
52409,269065
52410,256234
52411,238384
52412,229195
52413,229464
52414,215663
52415,268759
52416,229541
52417,215399
52418,229680
52419,229945
52420,256397
52421,203187
52422,229236
52423,229248
52424,238210
52425,237675
52426,190930
52427,257154
52428,269601
52429,256642
52430,203077
52431,202815
52432,224408
52433,238212
52434,203844
52435,269465
52436,269221
52437,243467
52438,203916
52439,269773
52440,215767
52441,268646
52442,202745
52443,269780
52444,215185
52445,229334
52446,269704
52447,257159
52448,214897
52449,269603
52450,244412
52451,215094
52452,269442
52453,244519
52454,224721
52455,229952
52456,215000
52457,243558
52458,190862
52459,216051
52460,243656
52461,224681
52462,216054
52463,190876
52464,191712
52465,229396
52466,269030
52467,203157
52468,215758
52469,237923
52470,230032
52471,203479
52472,190649
52473,203903
52474,229903
52475,244288
52476,230190
52477,238367
52478,229801
52479,269315
52480,244142
52481,203438
52482,191321
52483,203260
52484,229653
52485,237715
52486,269463
52487,269537
52488,203818
52489,215053
52490,191723
52491,190754
52492,256494
52493,191187
52494,191696
52495,229443
52496,229655
52497,269751
52498,229806
52499,229613
52500,214736
52501,229965
52502,215532
52503,229273
52504,215884
52505,257097
52506,191158
52507,237693
52508,203320
52509,268746
52510,229561
52511,224342
52512,191211
52513,229568
52514,216036
52515,229350
52516,269206
52517,215269
52518,269316
52519,216043
52520,243992
52521,191599
52522,229441
52523,202755
52524,224380
52525,214734
52526,203492
52527,229895
52528,203214
52529,229831
52530,237603
52531,256237
52532,203984
52533,230000
52534,269237
52535,224535
52536,190815
52537,244260
52538,191654
52539,203891
52540,229623
52541,230037
52542,237698
52543,256119
52544,256792
52545,203858
52546,215388
52547,237763
52548,215753
52549,224361
52550,215703
52551,203067
52552,269181
52553,243637
52554,268896
52555,224628
52556,257164
52557,191419
52558,237844
52559,203983
52560,243808
52561,215625
52562,224354
52563,203362
52564,191313
52565,229636
52566,224523
52567,269035
52568,269517
52569,203575
52570,238197
52571,230054
52572,243878
52573,244184
52574,224481
52575,244538
52576,244155
52577,243758
52578,256083
52579,190690
52580,216023
52581,244298
52582,203190
52583,215863
52584,257232
52585,243486
52586,215752
52587,256784
52588,215288
52589,202919
52590,244189
52591,203022
52592,224667
52593,230226
52594,256151
52595,191354
52596,243628
52597,191221
52598,229886
52599,269650
52600,238292
52601,268732
52602,269338
52603,215540
52604,202926
52605,215486
52606,203936
52607,215877
52608,243924
52609,230098
52610,224763
52611,243845
52612,237885
52613,268876
52614,244007
52615,256107
52616,268712
52617,190779
52618,244150
52619,203836
52620,230228
52621,243709
52622,203817
52623,244241
52624,191343
52625,191521
52626,256770
52627,215842
52628,191009
52629,203497
52630,191739
52631,224511
52632,243538
52633,256957
52634,269025
52635,269093
52636,229826
52637,230232
52638,190845
52639,243433
52640,256162
52641,224520
52642,215474
52643,244310
52644,256409
52645,229229
52646,215686
52647,243432
52648,229604
52649,268835
52650,203756
52651,238254
52652,203012
52653,215243
52654,238045
52655,243428
52656,191353
52657,215280
52658,215623
52659,256647
52660,243995
52661,215844
52662,215700
52663,256333
52664,256405
52665,269043
52666,224633
52667,244464
52668,203132
52669,202951
52670,269492
52671,203546
52672,269256
52673,256609
52674,243931
52675,214948
52676,215099
52677,256586
52678,268723
52679,269588
52680,256907
52681,224389
52682,229907
52683,191564
52684,191226
52685,191082
52686,244433
52687,203744
52688,238096
52689,191159
52690,202784
52691,237852
52692,243452
52693,215817
52694,229767
52695,229423
52696,256355
52697,244432
52698,224705
52699,191648
52700,244605
52701,229850
52702,191486
52703,190985
52704,215930
52705,191125
52706,269431
52707,215904
52708,215230
52709,237663
52710,257246
52711,256157
52712,256235
52713,237634
52714,230063
52715,229478
52716,269304
52717,230043
52718,191411
52719,268867
52720,224469
52721,215265
52722,214904
52723,256293
52724,269062
52725,244022
52726,268852
52727,203436
52728,224462
52729,256623
52730,203041
52731,238228
52732,269233
52733,230267
52734,243580
52735,244351
52736,203696
52737,215304
52738,203748
52739,238177
52740,190870
52741,215934
52742,257248
52743,202908
52744,257006
52745,216032
52746,229251
52747,191450
52748,268733
52749,215197
52750,256983
52751,268843
52752,238356
52753,256223
52754,244540
52755,269659
52756,215747
52757,214860
52758,244355
52759,243854
52760,229721
52761,215181
52762,229301
52763,269461
52764,257241
52765,237688
52766,215491
52767,243840
52768,230292
52769,214951
52770,191461
52771,268932
52772,215813
52773,224356
52774,215131
52775,190787
52776,191033
52777,191390
52778,191048
52779,268710
52780,256194
52781,244128
52782,238144
52783,243733
52784,214908
52785,237902
52786,256388
52787,215154
52788,191644
52789,237567
52790,215144
52791,238028
52792,215796
52793,203592
52794,229576
52795,224372
52796,229366
52797,243444
52798,203081
52799,269787
52800,268810
52801,215770
52802,215714
52803,257235
52804,215687
52805,215231
52806,215989
52807,256121
52808,237886
52809,190976
52810,230077
52811,215070
52812,230199
52813,244273
52814,243719
52815,238067
52816,215941
52817,256435
52818,256698
52819,269005
52820,190781
52821,203016
52822,191456
52823,243595
52824,224568
52825,202740
52826,257273
52827,203487
52828,203278
52829,191317
52830,268774
52831,215071
52832,256281
52833,269390
52834,215445
52835,215330
52836,203471
52837,229394
52838,243544
52839,256466
52840,243702
52841,243427
52842,256422
52843,215130
52844,238063
52845,203643
52846,243793
52847,202941
52848,268684
52849,191016
52850,243839
52851,215690
52852,269703
52853,215308
52854,257151
52855,202866
52856,269284
52857,203008
52858,256385
52859,268687
52860,256825
52861,224731
52862,244087
52863,269020
52864,256054
52865,202865
52866,203388
52867,215510
52868,215101
52869,257002
52870,191085
52871,257054
52872,214846
52873,229957
52874,256857
52875,269587
52876,229533
52877,214811
52878,203808
52879,257113
52880,238154
52881,202975
52882,229424
52883,229835
52884,238345
52885,215598
52886,203720
52887,190868
52888,224489
52889,256739
52890,243939
52891,215665
52892,244280
52893,191334
52894,237592
52895,244483
52896,243929
52897,203866
52898,243899
52899,238040
52900,202970
52901,256638
52902,243671
52903,269555
52904,230214
52905,243626
52906,202864
52907,203203
52908,215949
52909,224465
52910,256532
52911,203800
52912,230268
52913,191582
52914,268971
52915,257079
52916,237793
52917,202801
52918,257052
52919,203057
52920,191726
52921,229506
52922,257208
52923,229772
52924,256365
52925,256728
52926,237860
52927,190891
52928,203545
52929,244452
52930,238081
52931,215618
52932,243756
52933,237805
52934,243938
52935,244416
52936,215915
52937,214993
52938,214762
52939,215213
52940,268654
52941,224371
52942,191523
52943,256436
52944,203642
52945,191217
52946,215515
52947,203427
52948,203421
52949,237811
52950,244448
52951,215632
52952,203268
52953,243715
52954,191296
52955,203207
52956,190806
52957,203129
52958,268929
52959,229407
52960,229309
52961,268863
52962,269301
52963,203189
52964,191383
52965,203873
52966,256676
52967,191136
52968,256618
52969,268726
52970,190981
52971,229654
52972,238161
52973,269040
52974,215902
52975,224691
52976,238175
52977,237858
52978,229790
52979,256603
52980,269168
52981,229572
52982,203605
52983,215325
52984,203620
52985,203773
52986,215731
52987,214933
52988,268962
52989,229796
52990,224323
52991,244347
52992,268678
52993,191262
52994,203034
52995,224675
52996,256433
52997,229832
52998,244533
52999,224553
53000,243633
53001,216008
53002,191332
53003,202807
53004,202774
53005,190673
53006,229788
53007,243617
53008,229872
53009,215054
53010,269753
53011,243818
53012,256996
53013,257035
53014,190702
53015,256543
53016,244375
53017,215723
53018,256189
53019,237808
53020,229254
53021,202721
53022,243639
53023,203428
53024,244138
53025,230221
53026,243552
53027,256705
53028,190784
53029,268806
53030,229305
53031,256952
53032,191059
53033,244534
53034,215967
53035,203111
53036,203098
53037,238287
53038,244574
53039,256935
53040,238015
53041,229302
53042,229516
53043,191554
53044,244055
53045,190742
53046,229455
53047,215422
53048,269103
53049,269641
53050,269550
53051,256149
53052,243591
53053,237598
53054,191361
53055,229326
53056,191698
53057,224674
53058,268734
53059,256787
53060,237650
53061,238105
53062,203863
53063,224502
53064,237946
53065,215925
53066,256590
53067,237903
53068,191303
53069,215173
53070,244248
53071,257040
53072,215048
53073,256201
53074,257029
53075,215612
53076,238005
53077,237842
53078,215219
53079,202744
53080,269657
53081,269136
53082,191454
53083,269365
53084,216030
53085,214839
53086,256145
53087,243923
53088,215743
53089,237700
53090,191609
53091,214880
53092,257158
53093,203684
53094,244398
53095,203382
53096,238279
53097,191389
53098,238196
53099,215746
53100,237754
53101,191218
53102,268650
53103,230050
53104,257077
53105,229606
53106,191785
53107,237918
53108,214926
53109,229313
53110,269128
53111,203089
53112,237823
53113,215242
53114,224766
53115,238115
53116,256260
53117,256340
53118,229354
53119,269722
53120,229567
53121,215420
53122,269604
53123,268708
53124,229884
53125,238149
53126,215292
53127,215987
53128,243564
53129,229199
53130,202902
53131,229319
53132,191719
53133,268933
53134,256734
53135,203485
53136,203498
53137,203403
53138,203051
53139,191646
53140,203108
53141,203949
53142,243988
53143,244066
53144,238178
53145,256986
53146,224686
53147,215430
53148,230218
53149,269479
53150,215568
53151,244129
53152,269219
53153,237756
53154,203357
53155,230220
53156,203742
53157,191593
53158,244346
53159,269059
53160,229342
53161,269283
53162,229484
53163,191307
53164,229414
53165,238355
53166,244348
53167,214806
53168,268987
53169,269031
53170,244302
53171,269483
53172,230062
53173,191122
53174,238253
53175,224483
53176,190932
53177,191747
53178,203825
53179,268711
53180,191031
53181,238259
53182,190960
53183,191121
53184,256335
53185,215117
53186,203186
53187,256057
53188,238077
53189,256362
53190,191676
53191,214979
53192,257087
53193,203372
53194,229608
53195,203393
53196,238100
53197,257059
53198,191060
53199,215628
53200,224477
53201,269027
53202,269266
53203,215870
53204,202876
53205,230295
53206,203543
53207,238140
53208,269158
53209,243914
53210,243590
53211,229343
53212,237660
53213,215385
53214,237835
53215,191026
53216,215384
53217,230096
53218,224750
53219,230208
53220,229942
53221,238236
53222,215195
53223,215049
53224,244020
53225,256434
53226,268800
53227,257152
53228,269405
53229,237993
53230,237639
53231,229472
53232,268839
53233,256232
53234,243768
53235,191655
53236,224594
53237,237995
53238,237927
53239,230006
53240,214833
53241,229739
53242,256886
53243,237653
53244,191174
53245,256214
53246,268855
53247,256527
53248,215008
53249,237721
53250,269441
53251,244276
53252,256979
53253,190674
53254,215514
53255,269484
53256,191139
53257,269611
53258,256268
53259,203410
53260,224699
53261,230019
53262,215613
53263,202999
53264,229783
53265,224622
53266,229964
53267,256498
53268,257162
53269,256128
53270,203879
53271,256976
53272,257061
53273,203086
53274,203556
53275,202840
53276,256830
53277,238042
53278,203860
53279,224673
53280,237820
53281,230186
53282,214826
53283,191007
53284,229217
53285,215006
53286,256913
53287,269326
53288,269354
53289,238165
53290,215707
53291,229963
53292,244597
53293,238372
53294,230035
53295,229822
53296,269510
53297,203807
53298,203771
53299,191704
53300,203568
53301,202904
53302,203122
53303,269106
53304,269011
53305,203316
53306,269759
53307,202905
53308,215910
53309,215761
53310,215178
53311,214814
53312,230277
53313,238007
53314,202937
53315,243751
53316,269262
53317,215344
53318,229649
53319,224438
53320,229736
53321,256166
53322,190819
53323,215389
53324,244259
53325,256980
53326,224597
53327,230272
53328,191347
53329,203505
53330,215020
53331,269368
53332,244478
53333,237594
53334,269276
53335,203337
53336,202894
53337,214911
53338,224639
53339,229808
53340,269058
53341,191444
53342,244173
53343,216029
53344,257203
53345,237915
53346,215484
53347,203473
53348,238267
53349,268927
53350,215926
53351,202922
53352,191193
53353,256353
53354,243833
53355,203045
53356,203911
53357,190999
53358,191543
53359,257010
53360,268970
53361,256575
53362,203594
53363,237969
53364,224463
53365,229449
53366,237863
53367,269528
53368,216059
53369,257165
53370,237790
53371,215223
53372,191547
53373,191495
53374,256174
53375,229542
53376,203405
53377,203123
53378,243666
53379,230212
53380,257213
53381,237769
53382,244105
53383,224348
53384,191426
53385,215482
53386,191552
53387,191746
53388,269569
53389,256587
53390,229204
53391,269575
53392,256467
53393,243971
53394,229782
53395,215116
53396,203967
53397,244374
53398,215513
53399,203791
53400,229812
53401,244408
53402,244337
53403,190853
53404,269147
53405,191267
53406,224688
53407,256580
53408,269359
53409,214990
53410,269688
53411,230293
53412,190859
53413,268662
53414,256992
53415,203527
53416,229700
53417,191329
53418,215367
53419,269727
53420,269313
53421,243942
53422,268651
53423,215931
53424,215881
53425,215168
53426,244313
53427,191762
53428,268667
53429,256053
53430,230090
53431,215065
53432,229854
53433,269541
53434,203163
53435,230296
53436,237724
53437,229645
53438,229743
53439,224544
53440,256779
53441,244234
53442,244515
53443,269318
53444,243776
53445,190791
53446,256634
53447,256738
53448,257251
53449,190783
53450,229430
53451,215677
53452,237933
53453,269664
53454,237941
53455,229692
53456,230258
53457,237725
53458,203939
53459,244100
53460,229972
53461,256314
53462,256695
53463,191028
53464,256482
53465,224485
53466,215360
53467,229447
53468,190872
53469,202929
53470,269443
53471,256719
53472,215857
53473,190977
53474,269199
53475,257045
53476,191667
53477,229763
53478,269535
53479,256204
53480,202946
53481,269687
53482,215720
53483,269600
53484,203091
53485,190966
53486,215046
53487,191240
53488,238058
53489,244495
53490,256211
53491,257122
53492,256872
53493,237953
53494,269741
53495,269585
53496,269232
53497,256993
53498,224724
53499,203929
53500,215287
53501,202768
53502,190710
53503,190735
53504,238141
53505,268903
53506,215563
53507,214829
53508,202771
53509,230275
53510,244607
53511,229689
53512,256974
53513,191392
53514,203780
53515,215449
53516,269734
53517,243482
53518,229481
53519,256055
53520,243722
53521,256247
53522,238068
53523,256551
53524,215473
53525,238241
53526,224652
53527,202936
53528,216016
53529,243599
53530,214873
53531,243429
53532,237987
53533,191075
53534,256999
53535,243585
53536,243851
53537,269323
53538,203322
53539,224455
53540,243873
53541,229851
53542,269310
53543,191096
53544,256456
53545,215786
53546,191049
53547,238263
53548,215962
53549,203301
53550,229864
53551,244111
53552,269235
53553,191245
53554,230092
53555,229892
53556,203865
53557,243948
53558,256480
53559,203323
53560,203926
53561,256668
53562,229953
53563,256196
53564,203699
53565,229340
53566,237716
53567,257123
53568,215660
53569,191650
53570,191145
53571,215343
53572,243554
53573,238019
53574,224693
53575,215935
53576,215307
53577,224623
53578,215141
53579,256925
53580,238185
53581,243832
53582,203146
53583,238246
53584,229314
53585,191555
53586,244178
53587,243657
53588,215143
53589,191438
53590,269705
53591,214758
53592,215833
53593,229996
53594,191447
53595,269784
53596,202888
53597,269070
53598,256093
53599,214936
53600,268996
53601,190734
53602,244527
53603,203206
53604,269738
53605,202862
53606,224672
53607,269101
53608,229725
53609,256116
53610,190800
53611,268696
53612,244397
53613,257177
53614,215333
53615,268833
53616,243519
53617,256781
53618,191339
53619,215749
53620,269627
53621,268889
53622,256895
53623,214842
53624,229769
53625,244537
53626,229323
53627,214776
53628,191029
53629,215378
53630,230030
53631,243672
53632,256210
53633,256105
53634,214786
53635,203856
53636,269696
53637,202869
53638,244252
53639,203347
53640,215975
53641,256550
53642,229651
53643,268865
53644,203661
53645,191069
53646,216012
53647,190715
53648,203449
53649,269216
53650,238383
53651,269413
53652,243586
53653,268675
53654,191558
53655,191249
53656,203500
53657,202896
53658,230078
53659,257270
53660,229341
53661,269708
53662,191734
53663,203852
53664,229364
53665,224564
53666,191729
53667,215106
53668,244363
53669,191141
53670,203093
53671,243474
53672,237597
53673,256654
53674,202725
53675,257281
53676,238057
53677,256674
53678,243528
53679,191603
53680,229459
53681,215921
53682,238330
53683,203398
53684,269530
53685,256998
53686,237996
53687,256270
53688,203810
53689,224735
53690,256501
53691,230081
53692,269551
53693,244450
53694,214855
53695,269184
53696,244010
53697,268670
53698,215648
53699,190840
53700,215528
53701,229403
53702,215228
53703,243919
53704,237914
53705,229929
53706,190833
53707,256082
53708,215166
53709,269073
53710,190652
53711,256259
53712,191063
53713,202889
53714,224599
53715,202855
53716,269125
53717,256968
53718,191260
53719,190723
53720,237691
53721,237963
53722,215556
53723,229438
53724,244127
53725,269602
53726,256160
53727,215751
53728,191127
53729,229811
53730,215637
53731,269056
53732,256883
53733,215940
53734,215891
53735,256576
53736,256096
53737,230158
53738,257066
53739,214984
53740,215025
53741,243588
53742,229488
53743,203784
53744,203154
53745,215032
53746,229393
53747,224414
53748,244522
53749,256229
53750,191500
53751,202785
53752,203213
53753,224403
53754,190650
53755,237802
53756,190741
53757,256794
53758,269309
53759,214813
53760,237643
53761,269017
53762,268805
53763,237957
53764,244254
53765,269129
53766,256406
53767,203288
53768,214752
53769,243478
53770,190961
53771,229761
53772,191319
53773,237680
53774,243501
53775,244120
53776,202945
53777,191481
53778,224572
53779,224322
53780,237657
53781,224473
53782,224697
53783,191528
53784,237855
53785,243446
53786,202873
53787,256921
53788,215026
53789,256213
53790,224670
53791,237975
53792,238370
53793,203550
53794,257107
53795,190803
53796,229893
53797,268683
53798,243955
53799,203356
53800,191394
53801,224419
53802,256525
53803,203551
53804,269118
53805,224556
53806,215035
53807,244049
53808,256807
53809,190900
53810,190721
53811,214782
53812,229467
53813,202990
53814,215760
53815,203981
53816,191664
53817,269009
53818,215348
53819,238181
53820,243547
53821,244108
53822,203648
53823,191589
53824,215009
53825,190759
53826,215821
53827,244175
53828,215536
53829,268953
53830,244170
53831,269774
53832,257089
53833,191566
53834,215429
53835,191736
53836,190958
53837,203482
53838,224410
53839,203941
53840,257191
53841,203569
53842,243750
53843,257023
53844,244023
53845,215456
53846,224768
53847,268851
53848,203886
53849,244528
53850,215381
53851,256290
53852,229699
53853,238065
53854,269391
53855,230193
53856,229941
53857,244147
53858,243834
53859,229810
53860,238076
53861,244465
53862,243973
53863,238083
53864,238200
53865,238204
53866,191527
53867,244182
53868,237916
53869,237571
53870,257124
53871,237917
53872,229754
53873,215537
53874,224680
53875,244068
53876,191197
53877,202775
53878,244265
53879,215081
53880,224448
53881,243509
53882,190875
53883,256135
53884,190802
53885,256444
53886,215460
53887,191675
53888,203344
53889,268992
53890,256981
53891,256173
53892,237893
53893,244032
53894,191396
53895,269198
53896,215732
53897,269260
53898,238280
53899,229310
53900,190877
53901,256601
53902,215529
53903,229351
53904,215369
53905,229297
53906,203580
53907,243643
53908,229188
53909,191335
53910,215030
53911,268799
53912,191272
53913,215957
53914,230252
53915,203469
53916,229652
53917,203353
53918,229912
53919,224708
53920,268887
53921,256100
53922,230033
53923,256489
53924,257106
53925,269394
53926,243615
53927,230121
53928,238069
53929,229442
53930,256341
53931,238047
53932,215138
53933,238348
53934,256648
53935,229793
53936,203369
53937,268773
53938,244114
53939,243710
53940,268664
53941,215208
53942,191257
53943,229519
53944,224552
53945,214905
53946,229729
53947,269193
53948,203739
53949,191244
53950,224547
53951,269380
53952,203985
53953,256110
53954,244187
53955,191581
53956,215015
53957,268665
53958,191604
53959,268845
53960,238051
53961,243725
53962,214763
53963,237985
53964,256729
53965,243497
53966,215489
53967,243953
53968,244015
53969,269345
53970,224654
53971,256529
53972,214889
53973,243821
53974,243489
53975,215075
53976,224635
53977,237799
53978,191730
53979,215645
53980,203763
53981,215646
53982,237579
53983,238243
53984,256795
53985,215738
53986,191733
53987,203849
53988,269491
53989,244021
53990,203559
53991,237847
53992,269540
53993,230067
53994,269024
53995,215762
53996,257098
53997,237677
53998,214800
53999,191231
54000,230013
54001,237584
54002,256171
54003,238108
54004,256395
54005,224390
54006,230134
54007,237924
54008,243951
54009,244393
54010,215705
54011,238209
54012,268874
54013,256254
54014,269658
54015,215575
54016,244423
54017,229320
54018,215816
54019,190769
54020,238046
54021,214969
54022,190874
54023,191508
54024,230109
54025,230087
54026,203565
54027,203258
54028,215777
54029,215530
54030,269287
54031,244011
54032,237944
54033,244025
54034,268669
54035,268659
54036,202731
54037,191015
54038,215951
54039,215522
54040,269726
54041,269207
54042,244296
54043,191367
54044,269723
54045,269675
54046,243882
54047,256126
54048,256664
54049,191038
54050,203663
54051,268885
54052,256841
54053,243777
54054,238157
54055,256485
54056,269078
54057,215492
54058,238274
54059,191134
54060,203342
54061,216021
54062,224629
54063,229244
54064,243933
54065,238277
54066,191537
54067,243678
54068,269012
54069,191167
54070,202765
54071,244112
54072,269782
54073,202953
54074,256720
54075,243524
54076,268886
54077,191403
54078,243683
54079,214730
54080,203230
54081,244261
54082,191013
54083,202830
54084,229476
54085,238335
54086,268837
54087,256767
54088,269133
54089,215830
54090,256108
54091,214909
54092,238208
54093,243513
54094,203371
54095,215657
54096,215352
54097,256163
54098,229545
54099,190866
54100,269021
54101,256091
54102,191232
54103,244598
54104,256122
54105,215759
54106,244504
54107,215622
54108,203710
54109,256793
54110,214728
54111,238233
54112,244588
54113,238294
54114,191190
54115,256257
54116,256947
54117,202826
54118,203755
54119,203152
54120,224381
54121,230114
54122,238109
54123,229330
54124,256392
54125,268836
54126,215215
54127,229510
54128,269312
54129,216003
54130,215077
54131,229231
54132,269520
54133,269159
54134,191439
54135,215812
54136,243515
54137,215892
54138,268958
54139,269273
54140,257127
54141,256617
54142,238320
54143,203185
54144,229552
54145,269613
54146,215708
54147,243664
54148,229312
54149,256702
54150,203590
54151,243799
54152,215551
54153,191333
54154,202901
54155,237609
54156,243693
54157,229339
54158,256280
54159,256923
54160,191731
54161,203183
54162,224748
54163,202760
54164,243640
54165,203585
54166,191018
54167,237753
54168,202734
54169,215523
54170,203636
54171,243596
54172,257028
54173,256967
54174,238206
54175,202820
54176,203225
54177,237626
54178,191526
54179,230065
54180,238293
54181,238084
54182,243670
54183,269229
54184,191764
54185,243935
54186,243876
54187,224549
54188,203192
54189,203176
54190,224508
54191,244518
54192,202821
54193,202787
54194,203646
54195,215039
54196,269549
54197,268875
54198,269004
54199,215270
54200,256416
54201,257175
54202,191124
54203,203977
54204,190974
54205,269599
54206,215244
54207,203973
54208,203312
54209,214853
54210,256378
54211,214777
54212,237937
54213,215347
54214,244468
54215,215644
54216,203772
54217,191359
54218,256473
54219,257276
54220,268730
54221,191234
54222,243661
54223,224719
54224,229465
54225,243576
54226,268979
54227,203136
54228,244494
54229,191573
54230,243726
54231,191568
54232,215229
54233,269341
54234,203962
54235,203304
54236,215771
54237,214943
54238,203331
54239,230278
54240,256097
54241,269679
54242,238189
54243,224642
54244,215988
54245,202831
54246,229888
54247,229633
54248,191614
54249,243860
54250,269006
54251,203162
54252,203299
54253,269547
54254,203822
54255,215704
54256,190936
54257,244599
54258,203919
54259,230072
54260,229328
54261,269069
54262,224678
54263,229497
54264,257155
54265,190915
54266,203432
54267,244510
54268,230179
54269,244220
54270,203574
54271,190918
54272,230242
54273,202795
54274,215832
54275,229546
54276,257167
54277,215005
54278,215083
54279,237619
54280,191693
54281,238143
54282,257265
54283,191021
54284,244074
54285,269653
54286,203306
54287,237970
54288,256354
54289,229324
54290,229381
54291,269364
54292,257210
54293,269469
54294,191184
54295,191449
54296,215003
54297,214823
54298,191098
54299,203247
54300,238262
54301,269447
54302,230014
54303,256892
54304,244162
54305,237889
54306,230036
54307,257133
54308,238172
54309,203406
54310,191225
54311,203166
54312,190982
54313,256377
54314,224621
54315,238125
54316,202899
54317,229412
54318,215602
54319,191300
54320,215871
54321,229460
54322,269714
54323,203059
54324,203824
54325,230099
54326,224584
54327,256537
54328,215916
54329,190733
54330,244426
54331,257252
54332,230147
54333,244009
54334,224683
54335,215221
54336,257131
54337,238284
54338,214915
54339,203944
54340,191497
54341,230189
54342,244604
54343,243806
54344,238101
54345,191152
54346,203723
54347,244137
54348,257085
54349,256556
54350,229899
54351,214928
54352,256682
54353,215729
54354,238164
54355,244403
54356,224432
54357,191749
54358,243778
54359,191371
54360,244318
54361,215778
54362,256693
54363,243838
54364,256868
54365,268860
54366,229837
54367,238054
54368,230128
54369,224517
54370,224443
54371,202715
54372,256269
54373,237845
54374,190706
54375,203451
54376,190896
54377,215042
54378,191407
54379,268769
54380,257195
54381,191416
54382,191050
54383,269157
54384,191376
54385,237950
54386,215239
54387,268943
54388,244077
54389,256089
54390,191386
54391,238014
54392,229435
54393,244429
54394,244413
54395,244616
54396,257254
54397,229189
54398,215386
54399,214985
54400,244133
54401,257259
54402,269099
54403,215847
54404,237977
54405,244161
54406,244125
54407,256942
54408,203407
54409,268846
54410,238158
54411,203313
54412,215423
54413,203935
54414,215319
54415,229882
54416,215815
54417,203678
54418,215889
54419,257001
54420,269173
54421,229981
54422,190916
54423,269568
54424,257205
54425,214812
54426,256516
54427,256626
54428,257277
54429,191086
54430,268915
54431,229748
54432,257278
54433,229292
54434,216024
54435,256938
54436,244552
54437,203721
54438,202914
54439,229975
54440,191144
54441,203292
54442,215903
54443,238215
54444,269052
54445,243781
54446,229627
54447,269045
54448,243506
54449,268966
54450,256889
54451,243985
54452,269109
54453,268877
54454,191081
54455,203400
54456,191545
54457,214949
54458,237992
54459,191274
54460,256637
54461,203954
54462,269651
54463,230049
54464,269615
54465,243456
54466,269329
54467,243570
54468,256287
54469,229681
54470,224692
54471,229278
54472,269395
54473,237572
54474,230047
54475,256318
54476,243850
54477,268956
54478,230102
54479,268902
54480,237735
54481,215052
54482,256613
54483,214818
54484,190858
54485,191215
54486,256592
54487,243448
54488,244176
54489,215201
54490,229507
54491,256753
54492,243691
54493,215165
54494,238094
54495,237732
54496,203234
54497,230231
54498,243760
54499,203770
54500,203540
54501,237730
54502,238110
54503,244382
54504,214851
54505,190831
54506,269291
54507,215507
54508,215823
54509,216004
54510,229331
54511,203571
54512,244292
54513,224388
54514,191708
54515,215091
54516,229515
54517,191459
54518,230290
54519,256427
54520,215282
54521,269487
54522,269028
54523,229825
54524,191465
54525,269638
54526,229911
54527,237738
54528,224386
54529,229845
54530,229360
54531,243708
54532,215353
54533,224329
54534,269280
54535,230110
54536,269450
54537,269252
54538,269049
54539,269478
54540,203412
54541,243874
54542,256323
54543,203799
54544,229931
54545,215019
54546,215656
54547,229746
54548,268694
54549,202973
54550,190810
54551,229887
54552,243479
54553,230002
54554,269119
54555,215974
54556,229691
54557,190740
54558,256919
54559,191647
54560,203365
54561,268699
54562,269344
54563,202947
54564,268640
54565,229715
54566,202847
54567,268898
54568,215642
54569,238000
54570,257179
54571,215524
54572,268919
54573,243703
54574,203727
54575,229253
54576,230009
54577,229928
54578,268899
54579,203599
54580,268841
54581,238350
54582,203536
54583,269285
54584,256337
54585,203290
54586,238162
54587,224357
54588,237676
54589,256956
54590,214980
54591,224347
54592,215439
54593,243573
54594,256302
54595,256510
54596,237876
54597,269241
54598,243498
54599,268770
54600,268897
54601,229205
54602,243960
54603,203395
54604,268681
54605,257011
54606,191744
54607,224756
54608,243621
54609,230120
54610,237576
54611,269228
54612,191534
54613,243794
54614,202921
54615,268901
54616,215461
54617,229487
54618,243712
54619,202939
54620,215683
54621,202969
54622,256305
54623,244141
54624,256169
54625,238026
54626,256264
54627,203535
54628,190771
54629,268985
54630,268757
54631,244462
54632,238361
54633,203517
54634,229385
54635,203173
54636,243761
54637,203867
54638,256114
54639,191135
54640,229303
54641,256430
54642,203151
54643,215341
54644,268638
54645,244223
54646,224562
54647,229537
54648,224616
54649,237605
54650,268980
54651,215415
54652,256338
54653,191003
54654,191239
54655,229317
54656,269200
54657,203113
54658,243723
54659,243673
54660,269430
54661,256803
54662,243557
54663,214816
54664,269606
54665,269403
54666,238374
54667,268921
54668,215545
54669,203332
54670,268813
54671,256614
54672,229925
54673,238128
54674,191039
54675,268951
54676,243598
54677,224352
54678,191640
54679,202788
54680,215394
54681,215718
54682,203788
54683,215192
54684,224669
54685,244014
54686,268760
54687,237932
54688,268858
54689,203302
54690,224737
54691,190714
54692,191452
54693,224360
54694,229935
54695,256832
54696,243610
54697,229871
54698,203285
54699,229930
54700,256261
54701,215913
54702,238025
54703,191320
54704,243508
54705,268961
54706,269178
54707,215176
54708,224626
54709,238104
54710,243807
54711,256202
54712,229575
54713,214772
54714,237803
54715,191657
54716,269081
54717,256657
54718,243505
54719,203458
54720,269573
54721,229986
54722,224491
54723,269464
54724,256469
54725,190695
54726,269238
54727,229355
54728,224518
54729,191270
54730,215879
54731,244172
54732,237846
54733,256245
54734,256153
54735,237866
54736,244603
54737,269022
54738,244391
54739,229428
54740,215518
54741,216056
54742,268794
54743,229508
54744,244008
54745,215375
54746,215614
54747,256649
54748,191120
54749,202950
54750,269489
54751,269674
54752,230156
54753,191241
54754,257148
54755,215412
54756,237615
54757,269037
54758,244075
54759,215840
54760,268797
54761,269026
54762,215447
54763,268891
54764,268750
54765,190978
54766,269261
54767,256461
54768,229904
54769,203036
54770,191169
54771,269731
54772,215590
54773,214886
54774,224760
54775,243453
54776,237689
54777,243648
54778,214738
54779,257007
54780,203194
54781,257056
54782,214753
54783,256758
54784,244330
54785,203654
54786,229579
54787,230082
54788,190957
54789,190796
54790,269765
54791,238270
54792,269120
54793,203232
54794,269259
54795,229416
54796,215917
54797,268938
54798,203178
54799,256050
54800,237741
54801,229227
54802,191592
54803,237880
54804,191446
54805,191775
54806,269458
54807,203524
54808,224541
54809,203841
54810,238229
54811,244309
54812,191194
54813,229437
54814,229556
54815,244488
54816,244257
54817,238002
54818,244525
54819,215002
54820,215376
54821,203881
54822,215100
54823,229486
54824,269646
54825,257105
54826,216005
54827,238276
54828,224734
54829,257058
54830,215136
54831,229528
54832,268828
54833,215315
54834,229307
54835,229535
54836,230256
54837,269553
54838,256077
54839,202717
54840,229349
54841,229676
54842,215476
54843,215276
54844,191758
54845,244567
54846,190655
54847,190933
54848,269769
54849,244336
54850,203913
54851,203235
54852,238201
54853,215504
54854,256240
54855,230027
54856,224377
54857,215936
54858,203660
54859,229983
54860,191479
54861,256772
54862,256937
54863,256421
54864,243440
54865,215329
54866,256410
54867,191131
54868,244480
54869,256899
54870,215681
54871,243790
54872,202924
54873,215765
54874,256687
54875,214740
54876,244474
54877,256241
54878,229840
54879,202733
54880,244110
54881,256669
54882,203718
54883,244293
54884,190665
54885,230133
54886,230164
54887,214872
54888,269185
54889,215790
54890,203261
54891,237904
54892,269685
54893,256512
54894,215326
54895,215102
54896,243463
54897,269490
54898,215182
54899,203248
54900,229299
54901,269336
54902,269624
54903,256750
54904,237895
54905,268811
54906,214743
54907,214946
54908,244045
54909,237765
54910,256208
54911,256098
54912,238203
54913,237830
54914,244118
54915,269760
54916,190666
54917,268983
54918,203766
54919,237867
54920,203725
54921,224326
54922,238035
54923,256134
54924,268643
54925,243815
54926,215991
54927,203902
54928,203846
54929,214735
54930,237704
54931,256688
54932,224524
54933,214744
54934,243729
54935,243541
54936,229370
54937,230064
54938,243993
54939,190975
54940,191584
54941,203450
54942,229664
54943,229846
54944,256190
54945,256763
54946,202858
54947,229708
54948,190678
54949,203128
54950,203250
54951,203170
54952,190946
54953,191504
54954,230215
54955,256400
54956,237766
54957,256583
54958,229778
54959,256656
54960,190744
54961,238072
54962,191453
54963,243746
54964,256282
54965,244026
54966,269771
54967,224430
54968,203610
54969,269607
54970,202912
54971,256067
54972,256930
54973,244484
54974,229277
54975,243533
54976,238055
54977,224586
54978,190995
54979,214754
54980,238012
54981,203429
54982,269692
54983,229335
54984,256140
54985,269572
54986,229775
54987,202985
54988,203494
54989,229759
54990,237708
54991,224716
54992,202838
54993,256846
54994,244192
54995,203666
54996,268741
54997,202867
54998,244320
54999,191399
55000,269094
55001,268707
55002,244370
55003,269745
55004,203324
55005,215057
55006,214859
55007,238354
55008,190996
55009,256844
55010,230175
55011,202781
55012,243871
55013,215480
55014,190986
55015,229281
55016,215631
55017,203925
55018,269112
55019,256361
55020,203018
55021,203130
55022,224349
55023,224412
55024,215561
55025,244164
55026,230195
55027,269682
55028,243521
55029,224618
55030,257142
55031,203055
55032,203965
55033,203557
55034,243616
55035,256330
55036,269108
55037,230205
55038,203532
55039,229878
55040,244509
55041,190656
55042,256797
55043,190681
55044,215419
55045,215339
55046,203563
55047,269481
55048,203736
55049,244171
55050,215978
55051,191185
55052,215850
55053,203912
55054,224579
55055,191299
55056,243999
55057,238171
55058,244609
55059,224487
55060,238166
55061,238187
55062,238029
55063,215626
55064,244200
55065,243762
55066,214992
55067,191443
55068,269554
55069,191570
55070,268866
55071,268765
55072,202727
55073,269018
55074,190917
55075,203955
55076,238380
55077,256725
55078,269665
55079,237906
55080,191210
55081,256165
55082,215286
55083,243652
55084,256188
55085,202741
55086,216027
55087,191417
55088,216047
55089,237861
55090,203475
55091,269210
55092,203779
55093,190725
55094,244334
55095,257128
55096,238017
55097,243512
55098,224370
55099,243559
55100,224679
55101,190689
55102,244323
55103,237787
55104,229711
55105,268821
55106,229933
55107,230053
55108,215216
55109,190708
55110,191783
55111,237818
55112,229243
55113,256829
55114,238338
55115,256080
55116,190786
55117,268771
55118,244247
55119,191255
55120,269161
55121,269452
55122,268722
55123,224662
55124,215858
55125,256352
55126,238328
55127,229785
55128,244477
55129,203263
55130,190799
55131,269410
55132,191352
55133,216040
55134,215018
55135,191458
55136,244266
55137,191177
55138,203021
55139,257211
55140,256708
55141,203989
55142,190914
55143,191287
55144,244427
55145,256367
55146,215151
55147,256536
55148,224743
55149,214935
55150,224537
55151,237838
55152,229502
55153,244168
55154,268798
55155,238225
55156,257226
55157,215098
55158,269201
55159,215848
55160,243449
55161,214884
55162,256880
55163,269451
55164,191027
55165,238113
55166,269386
55167,203229
55168,256366
55169,256928
55170,244131
55171,256156
55172,269381
55173,269629
55174,269766
55175,215078
55176,224738
55177,257242
55178,229255
55179,269131
55180,191467
55181,257003
55182,203062
55183,203625
55184,269036
55185,244503
55186,256653
55187,214977
55188,229257
55189,256605
55190,256238
55191,243706
55192,203959
55193,238199
55194,237771
55195,238353
55196,237929
55197,229445
55198,215794
55199,214994
55200,243553
55201,256276
55202,202832
55203,191777
55204,229672
55205,257051
55206,244591
55207,269247
55208,229816
55209,244500
55210,215204
55211,190920
55212,229200
55213,224615
55214,269154
55215,215728
55216,256227
55217,256322
55218,215146
55219,224723
55220,244213
55221,243791
55222,191112
55223,244240
55224,229272
55225,203907
55226,256154
55227,269695
55228,229956
55229,256560
55230,257141
55231,191263
55232,215979
55233,191130
55234,229667
55235,268923
55236,238073
55237,256692
55238,244081
55239,224593
55240,269449
55241,256246
55242,229880
55243,203307
55244,244038
55245,215217
55246,256310
55247,238184
55248,238011
55249,244299
55250,269171
55251,203842
55252,237647
55253,224550
55254,257114
55255,229990
55256,230201
55257,238373
55258,203986
55259,203404
55260,224418
55261,215279
55262,224614
55263,216014
55264,215773
55265,256298
55266,215142
55267,215446
55268,257091
55269,203521
55270,257207
55271,269087
55272,214761
55273,203296
55274,191056
55275,203335
55276,269250
55277,191084
55278,230240
55279,191283
55280,215609
55281,190894
55282,191688
55283,214887
55284,269039
55285,269779
55286,214956
55287,269724
55288,190951
55289,229897
55290,191115
55291,215652
55292,268883
55293,230219
55294,268882
55295,238080
55296,237864
55297,215586
55298,256645
55299,269640
55300,214747
55301,224458
55302,243842
55303,230160
55304,244305
55305,203910
55306,268827
55307,256079
55308,203885
55309,269150
55310,224554
55311,215828
55312,214922
55313,203101
55314,215214
55315,268695
55316,229352
55317,203399
55318,230177
55319,256448
55320,203396
55321,203251
55322,191118
55323,191661
55324,269190
55325,229693
55326,238090
55327,230004
55328,256457
55329,191388
55330,190766
55331,244230
55332,191068
55333,243897
55334,269299
55335,215133
55336,256285
55337,203640
55338,203711
55339,203289
55340,215672
55341,269282
55342,215886
55343,269711
55344,216050
55345,203442
55346,215783
55347,203894
55348,229868
55349,269038
55350,237976
55351,268888
55352,229657
55353,238004
55354,269416
55355,215927
55356,256426
55357,224382
55358,224466
55359,256491
55360,203558
55361,215929
55362,256757
55363,224759
55364,202852
55365,215914
55366,229758
55367,244082
55368,190705
55369,215597
55370,256882
55371,215207
55372,237743
55373,203280
55374,215737
55375,244056
55376,190827
55377,191280
55378,229818
55379,203224
55380,229261
55381,224444
55382,237796
55383,203685
55384,244148
55385,238021
55386,215678
55387,229193
55388,214739
55389,191435
55390,256563
55391,202743
55392,237807
55393,191008
55394,238349
55395,268940
55396,269419
55397,256136
55398,224703
55399,243609
55400,202851
55401,257184
55402,256740
55403,243998
55404,215976
55405,243536
55406,244079
55407,191281
55408,243437
55409,230250
55410,229548
55411,224369
55412,256364
55413,237839
55414,244362
55415,230055
55416,191325
55417,191737
55418,238059
55419,256376
55420,214975
55421,191632
55422,243466
55423,191488
55424,269164
55425,191148
55426,256286
55427,191023
55428,244097
55429,244145
55430,244159
55431,257094
55432,191699
55433,256853
55434,224374
55435,191291
55436,203614
55437,191637
55438,238170
55439,203529
55440,216006
55441,256877
55442,243545
55443,229347
55444,191342
55445,203853
55446,229859
55447,269308
55448,238060
55449,203570
55450,268671
55451,244451
55452,202960
55453,229216
55454,269644
55455,256500
55456,203851
55457,229670
55458,268878
55459,256252
55460,215467
55461,190691
55462,238299
55463,191348
55464,256972
55465,243869
55466,229595
55467,190755
55468,190765
55469,243689
55470,224434
55471,243602
55472,244089
55473,268928
55474,243718
55475,229856
55476,203752
55477,215852
55478,190873
55479,203317
55480,224589
55481,244445
55482,256342
55483,256686
55484,215317
55485,237935
55486,224450
55487,269085
55488,256076
55489,238048
55490,229978
55491,191536
55492,268702
55493,244123
55494,244174
55495,224638
55496,243548
55497,229304
55498,214965
55499,256492
55500,268749
55501,257221
55502,229836
55503,229404
55504,243788
55505,256633
55506,190973
55507,224625
55508,215990
55509,215965
55510,224527
55511,238099
55512,191301
55513,216013
55514,191180
55515,190758
55516,190963
55517,256906
55518,230122
55519,224742
55520,215013
55521,203153
55522,190826
55523,243563
55524,229474
55525,269114
55526,229539
55527,191067
55528,269117
55529,257065
55530,224607
55531,215750
55532,224496
55533,224482
55534,215122
55535,190663
55536,203584
55537,244095
55538,203745
55539,214942
55540,238041
55541,257068
55542,202817
55543,268947
55544,243801
55545,243436
55546,191282
55547,215942
55548,256854
55549,191356
55550,256820
55551,243447
55552,190672
55553,203951
55554,229218
55555,215359
55556,229491
55557,214843
55558,229605
55559,243844
55560,214748
55561,215793
55562,190927
55563,191404
55564,191224
55565,269007
55566,202959
55567,243584
55568,215076
55569,230169
55570,215814
55571,191771
55572,215092
55573,244562
55574,203017
55575,243780
55576,203339
55577,191161
55578,203066
55579,190729
55580,268911
55581,243574
55582,243740
55583,224612
55584,203539
55585,215982
55586,244210
55587,237817
55588,229828
55589,238300
55590,203065
55591,269122
55592,215938
55593,268743
55594,256481
55595,243739
55596,202763
55597,202828
55598,229463
55599,190953
55600,202958
55601,243587
55602,229406
55603,215797
55604,244489
55605,229710
55606,203664
55607,268826
55608,202837
55609,191550
55610,229774
55611,269211
55612,243458
55613,269212
55614,202726
55615,257092
55616,269135
55617,215577
55618,269317
55619,203070
55620,190945
55621,238123
55622,203737
55623,191665
55624,203115
55625,203184
55626,191542
55627,237646
55628,243525
55629,216011
55630,269693
55631,269373
55632,224577
55633,224641
55634,203159
55635,229547
55636,269433
55637,244325
55638,269352
55639,215973
55640,269434
55641,257239
55642,256948
55643,269083
55644,237888
55645,238255
55646,256394
55647,215521
55648,215064
55649,256751
55650,244006
55651,229848
55652,244358
55653,269270
55654,229521
55655,203813
55656,243630
55657,257008
55658,191387
55659,256819
55660,256446
55661,238347
55662,244040
55663,256731
55664,216035
55665,238114
55666,238006
55667,191220
55668,244132
55669,202952
55670,191276
55671,269239
55672,269649
55673,256253
55674,230125
55675,215391
55676,191191
55677,269186
55678,238043
55679,215865
55680,256205
55681,203202
55682,269349
55683,238275
55684,215471
55685,237779
55686,203325
55687,244446
55688,203635
55689,238377
55690,203790
55691,269754
55692,237665
55693,191227
55694,229779
55695,244190
55696,191030
55697,243977
55698,215960
55699,190844
55700,216042
55701,203637
55702,224424
55703,256219
55704,269298
55705,257084
55706,243981
55707,215246
55708,269130
55709,215331
55710,202749
55711,214799
55712,229829
55713,203119
55714,224753
55715,215918
55716,229400
55717,203380
55718,244154
55719,269246
55720,216033
55721,224446
55722,238252
55723,203597
55724,268697
55725,237632
55726,203078
55727,215088
55728,244327
55729,268905
55730,229643
55731,269564
55732,256855
55733,269633
55734,202753
55735,230118
55736,191745
55737,215684
55738,244473
55739,215959
55740,215611
55741,203161
55742,190990
55743,257149
55744,224613
55745,269046
55746,243926
55747,191132
55748,237684
55749,268714
55750,229709
55751,238239
55752,191682
55753,243688
55754,256357
55755,243962
55756,257260
55757,203180
55758,191511
55759,256879
55760,202982
55761,191382
55762,191430
55763,229702
55764,257019
55765,191763
55766,256193
55767,244524
55768,214858
55769,202884
55770,215196
55771,230271
55772,229559
55773,229348
55774,237644
55775,269584
55776,243814
55777,244502
55778,256284
55779,256176
55780,191346
55781,191551
55782,229618
55783,224687
55784,268777
55785,256070
55786,191034
55787,224601
55788,256915
55789,191002
55790,215525
55791,202981
55792,243730
55793,244579
55794,229658
55795,191410
55796,203033
55797,215719
55798,230249
55799,215643
55800,229233
55801,268783
55802,191337
55803,215808
55804,203990
55805,191042
55806,269153
55807,244231
55808,215012
55809,268909
55810,238066
55811,203155
55812,230016
55813,229706
55814,244529
55815,256251
55816,256646
55817,244587
55818,229659
55819,215164
55820,269639
55821,256348
55822,269516
55823,191012
55824,190768
55825,256415
55826,203512
55827,203701
55828,203942
55829,237758
55830,237952
55831,203909
55832,202870
55833,237712
55834,256741
55835,268848
55836,256453
55837,244101
55838,238075
55839,257108
55840,243898
55841,244029
55842,229592
55843,268931
55844,256742
55845,244294
55846,203457
55847,256538
55848,268910
55849,229979
55850,214801
55851,269495
55852,190893
55853,244407
55854,224657
55855,203502
55856,256716
55857,256521
55858,230012
55859,202895
55860,203945
55861,215667
55862,215803
55863,243779
55864,238145
55865,191490
55866,215060
55867,224634
55868,229214
55869,215837
55870,224752
55871,203504
55872,238192
55873,191108
55874,224539
55875,191607
55876,203069
55877,229798
55878,229280
55879,229584
55880,214944
55881,191623
55882,190993
55883,203709
55884,257145
55885,268981
55886,190775
55887,256288
55888,224421
55889,256955
55890,243526
55891,203431
55892,191652
55893,244329
55894,215179
55895,244501
55896,243594
55897,238138
55898,190863
55899,203465
55900,256984
55901,238231
55902,224442
55903,224407
55904,256665
55905,191378
55906,230264
55907,229862
55908,256860
55909,256384
55910,243859
55911,215520
55912,215694
55913,244554
55914,238034
55915,190871
55916,215878
55917,237686
55918,243943
55919,269063
55920,244548
55921,202931
55922,257140
55923,237718
55924,202758
55925,191253
55926,202737
55927,191427
55928,191077
55929,269169
55930,229771
55931,215268
55932,229336
55933,229345
55934,256470
55935,269231
55936,202906
55937,215890
55938,243816
55939,237629
55940,269230
55941,243959
55942,256195
55943,229389
55944,214732
55945,191631
55946,191381
55947,257130
55948,237573
55949,203665
55950,215785
55951,215800
55952,203311
55953,190757
55954,203838
55955,238352
55956,243537
55957,203652
55958,237679
55959,269749
55960,229258
55961,268854
55962,243861
55963,191312
55964,229526
55965,269051
55966,191610
55967,256200
55968,268989
55969,215807
55970,256155
55971,243822
55972,203310
55973,229434
55974,256303
55975,229967
55976,202798
55977,238132
55978,269167
55979,257032
55980,243894
55981,237614
55982,244333
55983,190907
55984,203797
55985,224682
55986,268718
55987,237788
55988,238219
55989,214999
55990,244311
55991,229570
55992,191711
55993,269612
55994,269453
55995,237568
55996,215327
55997,256086
55998,256990
55999,256112
56000,257060
56001,191071
56002,244544
56003,269406
56004,191216
56005,229191
56006,190849
56007,269728
56008,215538
56009,237618
56010,269335
56011,190992
56012,215096
56013,229375
56014,237566
56015,224387
56016,203073
56017,190731
56018,238194
56019,257137
56020,269597
56021,257236
56022,191173
56023,229966
56024,269010
56025,229429
56026,237729
56027,229346
56028,215908
56029,244048
56030,191755
56031,244064
56032,256621
56033,256748
56034,215225
56035,256239
56036,224643
56037,191251
56038,268871
56039,203861
56040,256549
56041,191561
56042,268724
56043,244472
56044,215027
56045,230168
56046,237624
56047,224498
56048,203905
56049,203899
56050,215169
56051,191380
56052,229900
56053,256752
56054,224346
56055,237757
56056,256368
56057,237849
56058,215036
56059,256431
56060,256294
56061,256966
56062,269620
56063,229242
56064,215234
56065,244560
56066,257180
56067,215555
56068,203750
56069,238369
56070,256454
56071,191471
56072,269213
56073,224350
56074,203484
56075,238385
56076,243918
56077,269372
56078,269370
56079,237949
56080,256971
56081,256117
56082,268894
56083,238386
56084,238340
56085,190959
56086,243535
56087,203419
56088,191393
56089,256217
56090,229821
56091,229901
56092,230284
56093,203358
56094,229560
56095,268731
56096,229731
56097,268698
56098,202786
56099,269567
56100,191156
56101,256959
56102,243567
56103,256858
56104,215177
56105,229427
56106,238150
56107,229970
56108,190880
56109,244181
56110,229563
56111,215919
56112,257026
56113,191546
56114,229728
56115,257030
56116,237905
56117,215337
56118,230216
56119,191196
56120,269500
56121,238137
56122,237737
56123,229283
56124,229369
56125,224427
56126,191041
56127,203659
56128,256836
56129,229696
56130,191678
56131,244039
56132,237661
56133,237768
56134,202845
56135,203695
56136,229332
56137,224529
56138,190670
56139,203269
56140,237822
56141,202882
56142,202718
56143,215745
56144,256137
56145,224406
56146,244274
56147,215374
56148,244113
56149,268705
56150,203352
56151,191250
56152,256075
56153,237745
56154,190788
56155,191691
56156,238226
56157,237862
56158,224454
56159,256524
56160,229543
56161,256663
56162,191213
56163,229511
56164,238156
56165,215691
56166,230083
56167,256644
56168,229194
56169,256865
56170,191420
56171,257160
56172,268838
56173,256336
56174,244401
56175,257192
56176,256250
56177,203343
56178,256965
56179,203351
56180,238085
56181,224558
56182,268780
56183,203687
56184,215539
56185,256274
56186,203058
56187,237951
56188,215263
56189,203603
56190,215655
56191,256372
56192,256106
56193,269691
56194,257096
56195,257153
56196,202799
56197,244199
56198,202825
56199,215843
56200,244479
56201,215924
56202,229650
56203,214903
56204,256864
56205,229264
56206,269044
56207,203728
56208,244233
56209,203379
56210,269363
56211,238257
56212,229976
56213,244316
56214,203895
56215,215791
56216,203828
56217,190994
56218,229300
56219,268934
56220,269507
56221,191150
56222,244188
56223,190776
56224,243742
56225,244165
56226,256168
56227,203417
56228,256765
56229,237857
56230,237699
56231,243800
56232,203127
56233,191414
56234,243618
56235,238291
56236,216048
56237,256840
56238,202846
56239,203988
56240,229583
56241,269195
56242,257062
56243,256309
56244,256360
56245,215839
56246,203946
56247,203094
56248,256620
56249,243638
56250,256408
56251,229453
56252,215554
56253,243805
56254,243690
56255,229939
56256,268893
56257,269786
56258,244471
56259,269166
56260,256351
56261,215512
56262,237612
56263,229452
56264,256404
56265,269468
56266,238098
56267,191740
56268,215595
56269,229751
56270,215764
56271,269226
56272,268676
56273,244572
56274,229971
56275,268715
56276,269033
56277,238122
56278,203623
56279,229718
56280,243921
56281,256600
56282,229752
56283,214983
56284,191687
56285,203683
56286,215400
56287,229512
56288,256685
56289,243485
56290,237834
56291,244602
56292,244404
56293,191434
56294,203787
56295,191421
56296,229565
56297,224677
56298,202857
56299,237870
56300,244211
56301,203297
56302,243964
56303,230094
56304,269307
56305,269436
56306,203622
56307,243488
56308,191044
56309,243966
56310,269204
56311,237826
56312,243582
56313,203917
56314,203519
56315,191107
56316,224631
56317,229598
56318,191634
56319,215756
56320,243614
56321,243674
56322,229238
56323,224620
56324,224685
56325,191748
56326,215534
56327,256643
56328,203274
56329,256631
56330,244057
56331,191677
56332,244542
56333,244395
56334,269563
56335,269470
56336,215184
56337,214807
56338,215321
56339,229858
56340,237694
56341,256319
56342,243771
56343,238316
56344,214780
56345,238326
56346,269648
56347,244476
56348,214989
56349,257253
56350,214981
56351,229405
56352,243852
56353,256370
56354,244244
56355,244490
56356,244121
56357,256679
56358,257090
56359,203553
56360,268856
56361,244140
56362,203754
56363,269217
56364,256839
56365,191429
56366,244455
56367,224367
56368,230297
56369,230183
56370,203315
56371,243424
56372,224664
56373,190824
56374,229380
56375,244117
56376,243947
56377,191595
56378,268941
56379,256904
56380,269396
56381,269497
56382,238193
56383,191549
56384,256800
56385,269392
56386,215825
56387,237948
56388,191487
56389,244576
56390,244193
56391,269580
56392,268635
56393,215180
56394,230263
56395,244319
56396,256744
56397,229866
56398,203562
56399,268754
56400,203480
56401,214964
56402,202802
56403,238111
56404,215051
56405,244543
56406,203952
56407,243462
56408,229861
56409,203414
56410,215503
56411,257198
56412,215084
56413,244516
56414,191625
56415,269268
56416,243631
56417,215395
56418,215408
56419,229234
56420,269346
56421,203840
56422,257126
56423,268964
56424,244611
56425,215007
56426,216057
56427,243696
56428,256326
56429,237774
56430,215357
56431,214838
56432,191594
56433,191659
56434,229425
56435,244367
56436,244053
56437,256927
56438,203883
56439,237831
56440,256815
56441,229525
56442,257230
56443,269086
56444,215152
56445,244593
56446,269466
56447,229713
56448,268636
56449,269077
56450,244583
56451,191540
56452,244135
56453,244238
56454,215172
56455,238126
56456,229475
56457,203472
56458,203708
56459,203613
56460,237804
56461,269330
56462,238211
56463,256509
56464,229458
56465,237607
56466,229530
56467,215945
56468,256699
56469,230130
56470,215014
56471,214900
56472,244103
56473,257132
56474,229551
56475,215147
56476,229462
56477,244594
56478,215128
56479,269333
56480,269790
56481,224405
56482,215596
56483,214995
56484,256199
56485,256317
56486,203376
56487,214773
56488,257206
56489,256756
56490,243772
56491,203801
56492,215505
56493,203740
56494,203530
56495,243738
56496,238258
56497,269717
56498,230254
56499,244342
56500,269082
56501,203516
56502,229992
56503,203931
56504,190913
56505,191415
56506,191349
56507,215853
56508,268991
56509,244102
56510,257134
56511,244460
56512,203433
56513,203360
56514,203188
56515,269197
56516,224582
56517,243888
56518,229924
56519,215028
56520,215675
56521,256875
56522,214852
56523,224512
56524,214837
56525,215702
56526,203024
56527,224637
56528,269713
56529,244216
56530,238135
56531,244264
56532,215531
56533,256944
56534,229432
